
# Surface 0 of 1 surfaces

# Curve title: "f(x,y)"

# Contour 0, label:        2
-0.240404 -1.17385  2 
-0.243301 -1.1751  2 
-0.268687 -1.18555  2 
-0.270846 -1.18635  2 
-0.29697 -1.19548  2 
-0.303939 -1.19759  2 
-0.325253 -1.2037  2 
-0.346946 -1.20884  2 
-0.353535 -1.21031  2 
-0.381818 -1.21516  2 
-0.410101 -1.21841  2 
-0.438384 -1.21999  2 
-0.466667 -1.21982  2 
-0.494949 -1.21787  2 
-0.523232 -1.21414  2 

# Contour 1, label: 
 0.862626 -0.500899  2 
 0.834343 -0.508085  2 
 0.819161 -0.511647  2 
 0.806061 -0.514802  2 
 0.777778 -0.521142  2 
 0.76942 -0.522892  2 
 0.749495 -0.527178  2 
 0.721212 -0.5331  2 
 0.716068 -0.534137  2 
 0.692929 -0.538932  2 
 0.664646 -0.544912  2 
 0.662415 -0.545382  2 
 0.636364 -0.551036  2 
 0.612078 -0.556627  2 
 0.608081 -0.557575  2 
 0.579798 -0.564553  2 
 0.567273 -0.567871  2 
 0.551515 -0.572185  2 
 0.528169 -0.579116  2 
 0.523232 -0.580633  2 
 0.494949 -0.590025  2 
 0.494008 -0.590361  2 
 0.466667 -0.600506  2 
 0.463933 -0.601606  2 
 0.438384 -0.61229  2 
 0.437141 -0.612851  2 
 0.413032 -0.624096  2 
 0.410101 -0.625515  2 
 0.391115 -0.635341  2 
 0.381818 -0.640358  2 
 0.370981 -0.646586  2 
 0.353535 -0.657059  2 
 0.352323 -0.657831  2 
 0.334975 -0.669076  2 
 0.325253 -0.675645  2 
 0.318681 -0.680321  2 
 0.303315 -0.691566  2 
 0.29697 -0.696339  2 
 0.288749 -0.702811  2 
 0.274872 -0.714056  2 
 0.268687 -0.719182  2 
 0.261597 -0.725301  2 
 0.248847 -0.736546  2 
 0.240404 -0.744184  2 
 0.236557 -0.747791  2 
 0.22466 -0.759036  2 
 0.213128 -0.770281  2 
 0.212121 -0.77126  2 
 0.201874 -0.781526  2 
 0.190898 -0.792771  2 
 0.183838 -0.800092  2 
 0.18015 -0.804016  2 
 0.169569 -0.815261  2 
 0.15918 -0.826506  2 
 0.155556 -0.830416  2 
 0.148892 -0.837751  2 
 0.138706 -0.848996  2 
 0.12864 -0.860241  2 
 0.127273 -0.861745  2 
 0.118558 -0.871486  2 
 0.108532 -0.882731  2 
 0.0989899 -0.893484  2 
 0.0985588 -0.893976  2 
 0.0884683 -0.905221  2 
 0.0783964 -0.916466  2 
 0.0707071 -0.925002  2 
 0.0682831 -0.927711  2 
 0.0580031 -0.938956  2 
 0.0476904 -0.950201  2 
 0.0424242 -0.955849  2 
 0.0372146 -0.961446  2 
 0.0265489 -0.972691  2 
 0.0158009 -0.983936  2 
 0.0141414 -0.985623  2 
 0.00470908 -0.995181  2 
-0.00654843 -1.00643  2 
-0.0141414 -1.01387  2 
-0.0180568 -1.01767  2 
-0.0299598 -1.02892  2 
-0.0420385 -1.04016  2 
-0.0424242 -1.04051  2 
-0.054734 -1.05141  2 
-0.0676672 -1.06265  2 
-0.0707071 -1.06521  2 
-0.0812555 -1.0739  2 
-0.0952473 -1.08514  2 
-0.0989899 -1.08805  2 
-0.110034 -1.09639  2 
-0.125343 -1.10763  2 
-0.127273 -1.10899  2 
-0.141771 -1.11888  2 
-0.155556 -1.12798  2 
-0.158937 -1.13012  2 
-0.177475 -1.14137  2 
-0.183838 -1.14508  2 
-0.197501 -1.15261  2 
-0.212121 -1.16035  2 
-0.219225 -1.16386  2 
-0.240404 -1.17385  2 

# Contour 2, label: 
 1.17374  0.349456  2 
 1.18074  0.342972  2 
 1.19288  0.331727  2 
 1.20202  0.323288  2 
 1.20466  0.320482  2 
 1.21509  0.309237  2 
 1.22553  0.297992  2 
 1.2303  0.292787  2 
 1.23511  0.286747  2 
 1.24391  0.275502  2 
 1.25262  0.264257  2 
 1.25859  0.256409  2 
 1.26083  0.253012  2 
 1.26804  0.241767  2 
 1.27509  0.230522  2 
 1.28198  0.219277  2 
 1.28687  0.211031  2 
 1.28841  0.208032  2 
 1.29395  0.196787  2 
 1.29928  0.185542  2 
 1.30439  0.174297  2 
 1.30927  0.163052  2 
 1.31389  0.151807  2 
 1.31515  0.148535  2 
 1.31781  0.140562  2 
 1.32131  0.129317  2 
 1.32455  0.118072  2 
 1.32753  0.106827  2 
 1.33024  0.0955823  2 
 1.33266  0.0843373  2 
 1.33481  0.0730924  2 
 1.33665  0.0618474  2 
 1.3382  0.0506024  2 
 1.33945  0.0393574  2 
 1.34038  0.0281124  2 
 1.34101  0.0168675  2 
 1.34132  0.00562249  2 
 1.34132 -0.00562249  2 
 1.34101 -0.0168675  2 
 1.34038 -0.0281124  2 
 1.33945 -0.0393574  2 
 1.3382 -0.0506024  2 
 1.33665 -0.0618474  2 
 1.33481 -0.0730924  2 
 1.33266 -0.0843373  2 
 1.33024 -0.0955823  2 
 1.32753 -0.106827  2 
 1.32455 -0.118072  2 
 1.32131 -0.129317  2 
 1.31781 -0.140562  2 
 1.31515 -0.148535  2 
 1.31389 -0.151807  2 
 1.30927 -0.163052  2 
 1.30439 -0.174297  2 
 1.29928 -0.185542  2 
 1.29395 -0.196787  2 
 1.28841 -0.208032  2 
 1.28687 -0.211031  2 
 1.28198 -0.219277  2 
 1.27509 -0.230522  2 
 1.26804 -0.241767  2 
 1.26083 -0.253012  2 
 1.25859 -0.256409  2 
 1.25262 -0.264257  2 
 1.24391 -0.275502  2 
 1.23511 -0.286747  2 
 1.2303 -0.292787  2 
 1.22553 -0.297992  2 
 1.21509 -0.309237  2 
 1.20466 -0.320482  2 
 1.20202 -0.323288  2 
 1.19288 -0.331727  2 
 1.18074 -0.342972  2 
 1.17374 -0.349456  2 
 1.16782 -0.354217  2 
 1.15386 -0.365462  2 
 1.14545 -0.372287  2 
 1.13919 -0.376707  2 
 1.12337 -0.387952  2 
 1.11717 -0.392397  2 
 1.10627 -0.399197  2 
 1.08889 -0.410281  2 
 1.0886 -0.410442  2 
 1.06843 -0.421687  2 
 1.06061 -0.426146  2 
 1.04697 -0.432932  2 
 1.03232 -0.440387  2 
 1.02381 -0.444177  2 
 1.00404 -0.453182  2 
 0.998429 -0.455422  2 
 0.975758 -0.464692  2 
 0.97027 -0.466667  2 
 0.947475 -0.475073  2 
 0.938787 -0.477912  2 
 0.919192 -0.484474  2 
 0.903549 -0.489157  2 
 0.890909 -0.493037  2 
 0.864373 -0.500402  2 
 0.862626 -0.500899  2 

# Contour 3, label: 
 0.0141414  0.985623  2 
 0.0158009  0.983936  2 
 0.0265489  0.972691  2 
 0.0372146  0.961446  2 
 0.0424242  0.955849  2 
 0.0476904  0.950201  2 
 0.0580031  0.938956  2 
 0.0682831  0.927711  2 
 0.0707071  0.925002  2 
 0.0783964  0.916466  2 
 0.0884683  0.905221  2 
 0.0985588  0.893976  2 
 0.0989899  0.893484  2 
 0.108532  0.882731  2 
 0.118558  0.871486  2 
 0.127273  0.861745  2 
 0.12864  0.860241  2 
 0.138706  0.848996  2 
 0.148892  0.837751  2 
 0.155556  0.830416  2 
 0.15918  0.826506  2 
 0.169569  0.815261  2 
 0.18015  0.804016  2 
 0.183838  0.800092  2 
 0.190898  0.792771  2 
 0.201874  0.781526  2 
 0.212121  0.77126  2 
 0.213128  0.770281  2 
 0.22466  0.759036  2 
 0.236557  0.747791  2 
 0.240404  0.744184  2 
 0.248847  0.736546  2 
 0.261597  0.725301  2 
 0.268687  0.719182  2 
 0.274872  0.714056  2 
 0.288749  0.702811  2 
 0.29697  0.696339  2 
 0.303315  0.691566  2 
 0.318681  0.680321  2 
 0.325253  0.675645  2 
 0.334975  0.669076  2 
 0.352323  0.657831  2 
 0.353535  0.657059  2 
 0.370981  0.646586  2 
 0.381818  0.640358  2 
 0.391115  0.635341  2 
 0.410101  0.625515  2 
 0.413032  0.624096  2 
 0.437141  0.612851  2 
 0.438384  0.61229  2 
 0.463933  0.601606  2 
 0.466667  0.600506  2 
 0.494008  0.590361  2 
 0.494949  0.590025  2 
 0.523232  0.580633  2 
 0.528169  0.579116  2 
 0.551515  0.572185  2 
 0.567273  0.567871  2 
 0.579798  0.564553  2 
 0.608081  0.557575  2 
 0.612078  0.556627  2 
 0.636364  0.551036  2 
 0.662415  0.545382  2 
 0.664646  0.544912  2 
 0.692929  0.538932  2 
 0.716068  0.534137  2 
 0.721212  0.5331  2 
 0.749495  0.527178  2 
 0.76942  0.522892  2 
 0.777778  0.521142  2 
 0.806061  0.514802  2 
 0.819161  0.511647  2 
 0.834343  0.508085  2 
 0.862626  0.500899  2 
 0.864373  0.500402  2 
 0.890909  0.493037  2 
 0.903549  0.489157  2 
 0.919192  0.484474  2 
 0.938787  0.477912  2 
 0.947475  0.475073  2 
 0.97027  0.466667  2 
 0.975758  0.464692  2 
 0.998429  0.455422  2 
 1.00404  0.453182  2 
 1.02381  0.444177  2 
 1.03232  0.440387  2 
 1.04697  0.432932  2 
 1.06061  0.426146  2 
 1.06843  0.421687  2 
 1.0886  0.410442  2 
 1.08889  0.410281  2 
 1.10627  0.399197  2 
 1.11717  0.392397  2 
 1.12337  0.387952  2 
 1.13919  0.376707  2 
 1.14545  0.372287  2 
 1.15386  0.365462  2 
 1.16782  0.354217  2 
 1.17374  0.349456  2 

# Contour 4, label: 
-0.898954  0.702811  2 
-0.899291  0.714056  2 
-0.899448  0.725301  2 
-0.89942  0.736546  2 
-0.899204  0.747791  2 
-0.898796  0.759036  2 
-0.898192  0.770281  2 
-0.89739  0.781526  2 
-0.896387  0.792771  2 
-0.895181  0.804016  2 
-0.893771  0.815261  2 
-0.892153  0.826506  2 
-0.890909  0.834138  2 
-0.890255  0.837751  2 
-0.887966  0.848996  2 
-0.885444  0.860241  2 
-0.882688  0.871486  2 
-0.8797  0.882731  2 
-0.876481  0.893976  2 
-0.873032  0.905221  2 
-0.869356  0.916466  2 
-0.865454  0.927711  2 
-0.862626  0.935377  2 
-0.861161  0.938956  2 
-0.856258  0.950201  2 
-0.851114  0.961446  2 
-0.845736  0.972691  2 
-0.840126  0.983936  2 
-0.834343  0.995078  2 
-0.834284  0.995181  2 
-0.827425  1.00643  2 
-0.820331  1.01767  2 
-0.813009  1.02892  2 
-0.806061  1.03926  2 
-0.805386  1.04016  2 
-0.796563  1.05141  2 
-0.787521  1.06265  2 
-0.778269  1.0739  2 
-0.777778  1.07447  2 
-0.767523  1.08514  2 
-0.756507  1.09639  2 
-0.749495  1.10336  2 
-0.744663  1.10763  2 
-0.731563  1.11888  2 
-0.721212  1.1276  2 
-0.717827  1.13012  2 
-0.702254  1.14137  2 
-0.692929  1.14798  2 
-0.685446  1.15261  2 
-0.666922  1.16386  2 
-0.664646  1.1652  2 
-0.645233  1.1751  2 
-0.636364  1.17954  2 
-0.62032  1.18635  2 
-0.608081  1.19142  2 
-0.590148  1.19759  2 
-0.579798  1.20106  2 
-0.551515  1.20865  2 
-0.550606  1.20884  2 
-0.523232  1.21414  2 
-0.494949  1.21787  2 
-0.466667  1.21982  2 
-0.438384  1.21999  2 
-0.410101  1.21841  2 
-0.381818  1.21516  2 
-0.353535  1.21031  2 
-0.346946  1.20884  2 
-0.325253  1.2037  2 
-0.303939  1.19759  2 
-0.29697  1.19548  2 
-0.270846  1.18635  2 
-0.268687  1.18555  2 
-0.243301  1.1751  2 
-0.240404  1.17385  2 
-0.219225  1.16386  2 
-0.212121  1.16035  2 
-0.197501  1.15261  2 
-0.183838  1.14508  2 
-0.177475  1.14137  2 
-0.158937  1.13012  2 
-0.155556  1.12798  2 
-0.141771  1.11888  2 
-0.127273  1.10899  2 
-0.125343  1.10763  2 
-0.110034  1.09639  2 
-0.0989899  1.08805  2 
-0.0952473  1.08514  2 
-0.0812555  1.0739  2 
-0.0707071  1.06521  2 
-0.0676672  1.06265  2 
-0.054734  1.05141  2 
-0.0424242  1.04051  2 
-0.0420385  1.04016  2 
-0.0299598  1.02892  2 
-0.0180568  1.01767  2 
-0.0141414  1.01387  2 
-0.00654843  1.00643  2 
 0.00470908  0.995181  2 
 0.0141414  0.985623  2 

# Contour 5, label: 
-0.806061 -0.308749  2 
-0.80239 -0.297992  2 
-0.798655 -0.286747  2 
-0.795025 -0.275502  2 
-0.791507 -0.264257  2 
-0.788106 -0.253012  2 
-0.784826 -0.241767  2 
-0.781671 -0.230522  2 
-0.778646 -0.219277  2 
-0.777778 -0.215903  2 
-0.775511 -0.208032  2 
-0.772427 -0.196787  2 
-0.769502 -0.185542  2 
-0.766738 -0.174297  2 
-0.764138 -0.163052  2 
-0.761702 -0.151807  2 
-0.759434 -0.140562  2 
-0.757335 -0.129317  2 
-0.755406 -0.118072  2 
-0.753649 -0.106827  2 
-0.752065 -0.0955823  2 
-0.750654 -0.0843373  2 
-0.749495 -0.0737907  2 
-0.749409 -0.0730924  2 
-0.748226 -0.0618474  2 
-0.747239 -0.0506024  2 
-0.746449 -0.0393574  2 
-0.745857 -0.0281124  2 
-0.745461 -0.0168675  2 
-0.745264 -0.00562249  2 
-0.745264  0.00562249  2 
-0.745461  0.0168675  2 
-0.745857  0.0281124  2 
-0.746449  0.0393574  2 
-0.747239  0.0506024  2 
-0.748226  0.0618474  2 
-0.749409  0.0730924  2 
-0.749495  0.0737907  2 
-0.750654  0.0843373  2 
-0.752065  0.0955823  2 
-0.753649  0.106827  2 
-0.755406  0.118072  2 
-0.757335  0.129317  2 
-0.759434  0.140562  2 
-0.761702  0.151807  2 
-0.764138  0.163052  2 
-0.766738  0.174297  2 
-0.769502  0.185542  2 
-0.772427  0.196787  2 
-0.775511  0.208032  2 
-0.777778  0.215903  2 
-0.778646  0.219277  2 
-0.781671  0.230522  2 
-0.784826  0.241767  2 
-0.788106  0.253012  2 
-0.791507  0.264257  2 
-0.795025  0.275502  2 
-0.798655  0.286747  2 
-0.80239  0.297992  2 
-0.806061  0.308749  2 
-0.806209  0.309237  2 
-0.809708  0.320482  2 
-0.813281  0.331727  2 
-0.816921  0.342972  2 
-0.820623  0.354217  2 
-0.824378  0.365462  2 
-0.82818  0.376707  2 
-0.83202  0.387952  2 
-0.834343  0.394695  2 
-0.835718  0.399197  2 
-0.839175  0.410442  2 
-0.842639  0.421687  2 
-0.846102  0.432932  2 
-0.849556  0.444177  2 
-0.852992  0.455422  2 
-0.856401  0.466667  2 
-0.859774  0.477912  2 
-0.862626  0.48754  2 
-0.863049  0.489157  2 
-0.865955  0.500402  2 
-0.868801  0.511647  2 
-0.871578  0.522892  2 
-0.87428  0.534137  2 
-0.876896  0.545382  2 
-0.879418  0.556627  2 
-0.881839  0.567871  2 
-0.884148  0.579116  2 
-0.886339  0.590361  2 
-0.888403  0.601606  2 
-0.890331  0.612851  2 
-0.890909  0.616468  2 
-0.891981  0.624096  2 
-0.893432  0.635341  2 
-0.894741  0.646586  2 
-0.895902  0.657831  2 
-0.89691  0.669076  2 
-0.897758  0.680321  2 
-0.898441  0.691566  2 
-0.898954  0.702811  2 

# Contour 6, label: 
-0.523232 -1.21414  2 
-0.550606 -1.20884  2 
-0.551515 -1.20865  2 
-0.579798 -1.20106  2 
-0.590148 -1.19759  2 
-0.608081 -1.19142  2 
-0.62032 -1.18635  2 
-0.636364 -1.17954  2 
-0.645233 -1.1751  2 
-0.664646 -1.1652  2 
-0.666922 -1.16386  2 
-0.685446 -1.15261  2 
-0.692929 -1.14798  2 
-0.702254 -1.14137  2 
-0.717827 -1.13012  2 
-0.721212 -1.1276  2 
-0.731563 -1.11888  2 
-0.744663 -1.10763  2 
-0.749495 -1.10336  2 
-0.756507 -1.09639  2 
-0.767523 -1.08514  2 
-0.777778 -1.07447  2 
-0.778269 -1.0739  2 
-0.787521 -1.06265  2 
-0.796563 -1.05141  2 
-0.805386 -1.04016  2 
-0.806061 -1.03926  2 
-0.813009 -1.02892  2 
-0.820331 -1.01767  2 
-0.827425 -1.00643  2 
-0.834284 -0.995181  2 
-0.834343 -0.995078  2 
-0.840126 -0.983936  2 
-0.845736 -0.972691  2 
-0.851114 -0.961446  2 
-0.856258 -0.950201  2 
-0.861161 -0.938956  2 
-0.862626 -0.935377  2 
-0.865454 -0.927711  2 
-0.869356 -0.916466  2 
-0.873032 -0.905221  2 
-0.876481 -0.893976  2 
-0.8797 -0.882731  2 
-0.882688 -0.871486  2 
-0.885444 -0.860241  2 
-0.887966 -0.848996  2 
-0.890255 -0.837751  2 
-0.890909 -0.834138  2 
-0.892153 -0.826506  2 
-0.893771 -0.815261  2 
-0.895181 -0.804016  2 
-0.896387 -0.792771  2 
-0.89739 -0.781526  2 
-0.898192 -0.770281  2 
-0.898796 -0.759036  2 
-0.899204 -0.747791  2 
-0.89942 -0.736546  2 
-0.899448 -0.725301  2 
-0.899291 -0.714056  2 
-0.898954 -0.702811  2 
-0.898441 -0.691566  2 
-0.897758 -0.680321  2 
-0.89691 -0.669076  2 
-0.895902 -0.657831  2 
-0.894741 -0.646586  2 
-0.893432 -0.635341  2 
-0.891981 -0.624096  2 
-0.890909 -0.616468  2 
-0.890331 -0.612851  2 
-0.888403 -0.601606  2 
-0.886339 -0.590361  2 
-0.884148 -0.579116  2 
-0.881839 -0.567871  2 
-0.879418 -0.556627  2 
-0.876896 -0.545382  2 
-0.87428 -0.534137  2 
-0.871578 -0.522892  2 
-0.868801 -0.511647  2 
-0.865955 -0.500402  2 
-0.863049 -0.489157  2 
-0.862626 -0.48754  2 
-0.859774 -0.477912  2 
-0.856401 -0.466667  2 
-0.852992 -0.455422  2 
-0.849556 -0.444177  2 
-0.846102 -0.432932  2 
-0.842639 -0.421687  2 
-0.839175 -0.410442  2 
-0.835718 -0.399197  2 
-0.834343 -0.394695  2 
-0.83202 -0.387952  2 
-0.82818 -0.376707  2 
-0.824378 -0.365462  2 
-0.820623 -0.354217  2 
-0.816921 -0.342972  2 
-0.813281 -0.331727  2 
-0.809708 -0.320482  2 
-0.806209 -0.309237  2 
-0.806061 -0.308749  2 


# Contour 7, label:      1.6
 0.523232 -0.489227  1.6 
 0.494949 -0.494189  1.6 
 0.466667 -0.500259  1.6 
 0.466085 -0.500402  1.6 
 0.438384 -0.507483  1.6 
 0.424592 -0.511647  1.6 
 0.410101 -0.516212  1.6 
 0.391726 -0.522892  1.6 
 0.381818 -0.526662  1.6 
 0.364476 -0.534137  1.6 
 0.353535 -0.539089  1.6 
 0.341078 -0.545382  1.6 
 0.325253 -0.553808  1.6 
 0.320449 -0.556627  1.6 
 0.302037 -0.567871  1.6 
 0.29697 -0.571097  1.6 
 0.285359 -0.579116  1.6 
 0.269965 -0.590361  1.6 
 0.268687 -0.591316  1.6 
 0.255829 -0.601606  1.6 
 0.242549 -0.612851  1.6 
 0.240404 -0.614703  1.6 
 0.230148 -0.624096  1.6 
 0.218396 -0.635341  1.6 
 0.212121 -0.641525  1.6 
 0.207242 -0.646586  1.6 
 0.196617 -0.657831  1.6 
 0.186414 -0.669076  1.6 
 0.183838 -0.67194  1.6 
 0.176614 -0.680321  1.6 
 0.167147 -0.691566  1.6 
 0.15797 -0.702811  1.6 
 0.155556 -0.705776  1.6 
 0.149043 -0.714056  1.6 
 0.140332 -0.725301  1.6 
 0.131814 -0.736546  1.6 
 0.127273 -0.742571  1.6 
 0.123447 -0.747791  1.6 
 0.115196 -0.759036  1.6 
 0.107064 -0.770281  1.6 
 0.0990346 -0.781526  1.6 
 0.0989899 -0.781587  1.6 
 0.0910104 -0.792771  1.6 
 0.0830453 -0.804016  1.6 
 0.0751251 -0.815261  1.6 
 0.0707071 -0.821478  1.6 
 0.067188 -0.826506  1.6 
 0.0592005 -0.837751  1.6 
 0.0512085 -0.848996  1.6 
 0.0431997 -0.860241  1.6 
 0.0424242 -0.8613  1.6 
 0.03503 -0.871486  1.6 
 0.0267965 -0.882731  1.6 
 0.0185019 -0.893976  1.6 
 0.0141414 -0.899765  1.6 
 0.0100462 -0.905221  1.6 
 0.00140182 -0.916466  1.6 
-0.00734737 -0.927711  1.6 
-0.0141414 -0.936281  1.6 
-0.0162668 -0.938956  1.6 
-0.0255024 -0.950201  1.6 
-0.0348881 -0.961446  1.6 
-0.0424242 -0.97028  1.6 
-0.0444977 -0.972691  1.6 
-0.054528 -0.983936  1.6 
-0.0647581 -0.995181  1.6 
-0.0707071 -1.00153  1.6 
-0.0753652 -1.00643  1.6 
-0.0864329 -1.01767  1.6 
-0.0977576 -1.02892  1.6 
-0.0989899 -1.03009  1.6 
-0.109802 -1.04016  1.6 
-0.122211 -1.05141  1.6 
-0.127273 -1.05583  1.6 
-0.135332 -1.06265  1.6 
-0.149084 -1.0739  1.6 
-0.155556 -1.07899  1.6 
-0.163684 -1.08514  1.6 
-0.179125 -1.09639  1.6 
-0.183838 -1.09968  1.6 
-0.195831 -1.10763  1.6 
-0.212121 -1.11802  1.6 
-0.213549 -1.11888  1.6 
-0.233277 -1.13012  1.6 
-0.240404 -1.134  1.6 
-0.255065 -1.14137  1.6 
-0.268687 -1.14788  1.6 
-0.279652 -1.15261  1.6 
-0.29697 -1.1597  1.6 
-0.308574 -1.16386  1.6 
-0.325253 -1.1695  1.6 
-0.344936 -1.1751  1.6 
-0.353535 -1.1774  1.6 
-0.381818 -1.18336  1.6 
-0.401982 -1.18635  1.6 
-0.410101 -1.18747  1.6 
-0.438384 -1.18963  1.6 
-0.466667 -1.18993  1.6 
-0.494949 -1.18834  1.6 

# Contour 8, label: 
 1.21248  0.264257  1.6 
 1.22188  0.253012  1.6 
 1.2303  0.242802  1.6 
 1.23104  0.241767  1.6 
 1.23874  0.230522  1.6 
 1.24629  0.219277  1.6 
 1.25365  0.208032  1.6 
 1.25859  0.200226  1.6 
 1.26045  0.196787  1.6 
 1.2663  0.185542  1.6 
 1.27191  0.174297  1.6 
 1.27728  0.163052  1.6 
 1.28238  0.151807  1.6 
 1.28687  0.141318  1.6 
 1.28715  0.140562  1.6 
 1.29098  0.129317  1.6 
 1.29455  0.118072  1.6 
 1.29783  0.106827  1.6 
 1.30081  0.0955823  1.6 
 1.30349  0.0843373  1.6 
 1.30586  0.0730924  1.6 
 1.3079  0.0618474  1.6 
 1.30961  0.0506024  1.6 
 1.31099  0.0393574  1.6 
 1.31203  0.0281124  1.6 
 1.31272  0.0168675  1.6 
 1.31307  0.00562249  1.6 
 1.31307 -0.00562249  1.6 
 1.31272 -0.0168675  1.6 
 1.31203 -0.0281124  1.6 
 1.31099 -0.0393574  1.6 
 1.30961 -0.0506024  1.6 
 1.3079 -0.0618474  1.6 
 1.30586 -0.0730924  1.6 
 1.30349 -0.0843373  1.6 
 1.30081 -0.0955823  1.6 
 1.29783 -0.106827  1.6 
 1.29455 -0.118072  1.6 
 1.29098 -0.129317  1.6 
 1.28715 -0.140562  1.6 
 1.28687 -0.141318  1.6 
 1.28238 -0.151807  1.6 
 1.27728 -0.163052  1.6 
 1.27191 -0.174297  1.6 
 1.2663 -0.185542  1.6 
 1.26045 -0.196787  1.6 
 1.25859 -0.200226  1.6 
 1.25365 -0.208032  1.6 
 1.24629 -0.219277  1.6 
 1.23874 -0.230522  1.6 
 1.23104 -0.241767  1.6 
 1.2303 -0.242802  1.6 
 1.22188 -0.253012  1.6 
 1.21248 -0.264257  1.6 
 1.203 -0.275502  1.6 
 1.20202 -0.276636  1.6 
 1.19185 -0.286747  1.6 
 1.18053 -0.297992  1.6 
 1.17374 -0.304694  1.6 
 1.16837 -0.309237  1.6 
 1.15501 -0.320482  1.6 
 1.14545 -0.328575  1.6 
 1.1411 -0.331727  1.6 
 1.12559 -0.342972  1.6 
 1.11717 -0.349127  1.6 
 1.10904 -0.354217  1.6 
 1.09132 -0.365462  1.6 
 1.08889 -0.367009  1.6 
 1.07111 -0.376707  1.6 
 1.06061 -0.382559  1.6 
 1.04927 -0.387952  1.6 
 1.03232 -0.396187  1.6 
 1.02506 -0.399197  1.6 
 1.00404 -0.408102  1.6 
 0.997564 -0.410442  1.6 
 0.975758 -0.418498  1.6 
 0.965657 -0.421687  1.6 
 0.947475 -0.427559  1.6 
 0.928093 -0.432932  1.6 
 0.919192 -0.435457  1.6 
 0.890909 -0.442295  1.6 
 0.881716 -0.444177  1.6 
 0.862626 -0.44818  1.6 
 0.834343 -0.45328  1.6 
 0.820347 -0.455422  1.6 
 0.806061 -0.457663  1.6 
 0.777778 -0.461441  1.6 
 0.749495 -0.464777  1.6 
 0.731281 -0.466667  1.6 
 0.721212 -0.467739  1.6 
 0.692929 -0.470426  1.6 
 0.664646 -0.473015  1.6 
 0.636364 -0.475639  1.6 
 0.613173 -0.477912  1.6 
 0.608081 -0.478426  1.6 
 0.579798 -0.481468  1.6 
 0.551515 -0.485006  1.6 
 0.523688 -0.489157  1.6 
 0.523232 -0.489227  1.6 

# Contour 9, label: 
 0.0185019  0.893976  1.6 
 0.0267965  0.882731  1.6 
 0.03503  0.871486  1.6 
 0.0424242  0.8613  1.6 
 0.0431997  0.860241  1.6 
 0.0512085  0.848996  1.6 
 0.0592005  0.837751  1.6 
 0.067188  0.826506  1.6 
 0.0707071  0.821478  1.6 
 0.0751251  0.815261  1.6 
 0.0830453  0.804016  1.6 
 0.0910104  0.792771  1.6 
 0.0989899  0.781587  1.6 
 0.0990346  0.781526  1.6 
 0.107064  0.770281  1.6 
 0.115196  0.759036  1.6 
 0.123447  0.747791  1.6 
 0.127273  0.742571  1.6 
 0.131814  0.736546  1.6 
 0.140332  0.725301  1.6 
 0.149043  0.714056  1.6 
 0.155556  0.705776  1.6 
 0.15797  0.702811  1.6 
 0.167147  0.691566  1.6 
 0.176614  0.680321  1.6 
 0.183838  0.67194  1.6 
 0.186414  0.669076  1.6 
 0.196617  0.657831  1.6 
 0.207242  0.646586  1.6 
 0.212121  0.641525  1.6 
 0.218396  0.635341  1.6 
 0.230148  0.624096  1.6 
 0.240404  0.614703  1.6 
 0.242549  0.612851  1.6 
 0.255829  0.601606  1.6 
 0.268687  0.591316  1.6 
 0.269965  0.590361  1.6 
 0.285359  0.579116  1.6 
 0.29697  0.571097  1.6 
 0.302037  0.567871  1.6 
 0.320449  0.556627  1.6 
 0.325253  0.553808  1.6 
 0.341078  0.545382  1.6 
 0.353535  0.539089  1.6 
 0.364476  0.534137  1.6 
 0.381818  0.526662  1.6 
 0.391726  0.522892  1.6 
 0.410101  0.516212  1.6 
 0.424592  0.511647  1.6 
 0.438384  0.507483  1.6 
 0.466085  0.500402  1.6 
 0.466667  0.500259  1.6 
 0.494949  0.494189  1.6 
 0.523232  0.489227  1.6 
 0.523688  0.489157  1.6 
 0.551515  0.485006  1.6 
 0.579798  0.481468  1.6 
 0.608081  0.478426  1.6 
 0.613173  0.477912  1.6 
 0.636364  0.475639  1.6 
 0.664646  0.473015  1.6 
 0.692929  0.470426  1.6 
 0.721212  0.467739  1.6 
 0.731281  0.466667  1.6 
 0.749495  0.464777  1.6 
 0.777778  0.461441  1.6 
 0.806061  0.457663  1.6 
 0.820347  0.455422  1.6 
 0.834343  0.45328  1.6 
 0.862626  0.44818  1.6 
 0.881716  0.444177  1.6 
 0.890909  0.442295  1.6 
 0.919192  0.435457  1.6 
 0.928093  0.432932  1.6 
 0.947475  0.427559  1.6 
 0.965657  0.421687  1.6 
 0.975758  0.418498  1.6 
 0.997564  0.410442  1.6 
 1.00404  0.408102  1.6 
 1.02506  0.399197  1.6 
 1.03232  0.396187  1.6 
 1.04927  0.387952  1.6 
 1.06061  0.382559  1.6 
 1.07111  0.376707  1.6 
 1.08889  0.367009  1.6 
 1.09132  0.365462  1.6 
 1.10904  0.354217  1.6 
 1.11717  0.349127  1.6 
 1.12559  0.342972  1.6 
 1.1411  0.331727  1.6 
 1.14545  0.328575  1.6 
 1.15501  0.320482  1.6 
 1.16837  0.309237  1.6 
 1.17374  0.304694  1.6 
 1.18053  0.297992  1.6 
 1.19185  0.286747  1.6 
 1.20202  0.276636  1.6 
 1.203  0.275502  1.6 
 1.21248  0.264257  1.6 

# Contour 10, label: 
-0.861489  0.725301  1.6 
-0.861991  0.736546  1.6 
-0.862259  0.747791  1.6 
-0.862288  0.759036  1.6 
-0.862072  0.770281  1.6 
-0.861609  0.781526  1.6 
-0.860894  0.792771  1.6 
-0.859925  0.804016  1.6 
-0.858699  0.815261  1.6 
-0.857213  0.826506  1.6 
-0.855468  0.837751  1.6 
-0.853461  0.848996  1.6 
-0.851193  0.860241  1.6 
-0.848664  0.871486  1.6 
-0.845875  0.882731  1.6 
-0.842826  0.893976  1.6 
-0.839521  0.905221  1.6 
-0.83596  0.916466  1.6 
-0.834343  0.921184  1.6 
-0.831846  0.927711  1.6 
-0.827229  0.938956  1.6 
-0.822338  0.950201  1.6 
-0.817176  0.961446  1.6 
-0.81175  0.972691  1.6 
-0.806065  0.983936  1.6 
-0.799286  0.995181  1.6 
-0.792233  1.00643  1.6 
-0.784916  1.01767  1.6 
-0.777778  1.02826  1.6 
-0.777279  1.02892  1.6 
-0.768302  1.04016  1.6 
-0.759067  1.05141  1.6 
-0.749587  1.06265  1.6 
-0.749495  1.06275  1.6 
-0.738365  1.0739  1.6 
-0.726894  1.08514  1.6 
-0.721212  1.09054  1.6 
-0.714196  1.09639  1.6 
-0.70033  1.10763  1.6 
-0.692929  1.11348  1.6 
-0.685068  1.11888  1.6 
-0.668299  1.13012  1.6 
-0.664646  1.1325  1.6 
-0.648764  1.14137  1.6 
-0.636364  1.14815  1.6 
-0.626664  1.15261  1.6 
-0.608081  1.16096  1.6 
-0.600204  1.16386  1.6 
-0.579798  1.17116  1.6 
-0.56585  1.1751  1.6 
-0.551515  1.17903  1.6 
-0.523232  1.18474  1.6 
-0.510864  1.18635  1.6 
-0.494949  1.18834  1.6 
-0.466667  1.18993  1.6 
-0.438384  1.18963  1.6 
-0.410101  1.18747  1.6 
-0.401982  1.18635  1.6 
-0.381818  1.18336  1.6 
-0.353535  1.1774  1.6 
-0.344936  1.1751  1.6 
-0.325253  1.1695  1.6 
-0.308574  1.16386  1.6 
-0.29697  1.1597  1.6 
-0.279652  1.15261  1.6 
-0.268687  1.14788  1.6 
-0.255065  1.14137  1.6 
-0.240404  1.134  1.6 
-0.233277  1.13012  1.6 
-0.213549  1.11888  1.6 
-0.212121  1.11802  1.6 
-0.195831  1.10763  1.6 
-0.183838  1.09968  1.6 
-0.179125  1.09639  1.6 
-0.163684  1.08514  1.6 
-0.155556  1.07899  1.6 
-0.149084  1.0739  1.6 
-0.135332  1.06265  1.6 
-0.127273  1.05583  1.6 
-0.122211  1.05141  1.6 
-0.109802  1.04016  1.6 
-0.0989899  1.03009  1.6 
-0.0977576  1.02892  1.6 
-0.0864329  1.01767  1.6 
-0.0753652  1.00643  1.6 
-0.0707071  1.00153  1.6 
-0.0647581  0.995181  1.6 
-0.054528  0.983936  1.6 
-0.0444977  0.972691  1.6 
-0.0424242  0.97028  1.6 
-0.0348881  0.961446  1.6 
-0.0255024  0.950201  1.6 
-0.0162668  0.938956  1.6 
-0.0141414  0.936281  1.6 
-0.00734737  0.927711  1.6 
 0.00140182  0.916466  1.6 
 0.0100462  0.905221  1.6 
 0.0141414  0.899765  1.6 
 0.0185019  0.893976  1.6 

# Contour 11, label: 
-0.712716 -0.275502  1.6 
-0.707715 -0.264257  1.6 
-0.702909 -0.253012  1.6 
-0.698302 -0.241767  1.6 
-0.693895 -0.230522  1.6 
-0.692929 -0.227941  1.6 
-0.689275 -0.219277  1.6 
-0.684768 -0.208032  1.6 
-0.680502 -0.196787  1.6 
-0.676476 -0.185542  1.6 
-0.67269 -0.174297  1.6 
-0.669144 -0.163052  1.6 
-0.665838 -0.151807  1.6 
-0.664646 -0.147445  1.6 
-0.662535 -0.140562  1.6 
-0.659356 -0.129317  1.6 
-0.656448 -0.118072  1.6 
-0.65381 -0.106827  1.6 
-0.651441 -0.0955823  1.6 
-0.649339 -0.0843373  1.6 
-0.647503 -0.0730924  1.6 
-0.645931 -0.0618474  1.6 
-0.644623 -0.0506024  1.6 
-0.643577 -0.0393574  1.6 
-0.642794 -0.0281124  1.6 
-0.642272 -0.0168675  1.6 
-0.642011 -0.00562249  1.6 
-0.642011  0.00562249  1.6 
-0.642272  0.0168675  1.6 
-0.642794  0.0281124  1.6 
-0.643577  0.0393574  1.6 
-0.644623  0.0506024  1.6 
-0.645931  0.0618474  1.6 
-0.647503  0.0730924  1.6 
-0.649339  0.0843373  1.6 
-0.651441  0.0955823  1.6 
-0.65381  0.106827  1.6 
-0.656448  0.118072  1.6 
-0.659356  0.129317  1.6 
-0.662535  0.140562  1.6 
-0.664646  0.147445  1.6 
-0.665838  0.151807  1.6 
-0.669144  0.163052  1.6 
-0.67269  0.174297  1.6 
-0.676476  0.185542  1.6 
-0.680502  0.196787  1.6 
-0.684768  0.208032  1.6 
-0.689275  0.219277  1.6 
-0.692929  0.227941  1.6 
-0.693895  0.230522  1.6 
-0.698302  0.241767  1.6 
-0.702909  0.253012  1.6 
-0.707715  0.264257  1.6 
-0.712716  0.275502  1.6 
-0.717908  0.286747  1.6 
-0.721212  0.293657  1.6 
-0.723045  0.297992  1.6 
-0.727949  0.309237  1.6 
-0.733  0.320482  1.6 
-0.738191  0.331727  1.6 
-0.743515  0.342972  1.6 
-0.748966  0.354217  1.6 
-0.749495  0.355286  1.6 
-0.753934  0.365462  1.6 
-0.758928  0.376707  1.6 
-0.763999  0.387952  1.6 
-0.769139  0.399197  1.6 
-0.774339  0.410442  1.6 
-0.777778  0.417805  1.6 
-0.779371  0.421687  1.6 
-0.784021  0.432932  1.6 
-0.788686  0.444177  1.6 
-0.793355  0.455422  1.6 
-0.798017  0.466667  1.6 
-0.80266  0.477912  1.6 
-0.806061  0.486191  1.6 
-0.807129  0.489157  1.6 
-0.81115  0.500402  1.6 
-0.815117  0.511647  1.6 
-0.819019  0.522892  1.6 
-0.822845  0.534137  1.6 
-0.826583  0.545382  1.6 
-0.830222  0.556627  1.6 
-0.83375  0.567871  1.6 
-0.834343  0.56982  1.6 
-0.83682  0.579116  1.6 
-0.8397  0.590361  1.6 
-0.842449  0.601606  1.6 
-0.845058  0.612851  1.6 
-0.847518  0.624096  1.6 
-0.84982  0.635341  1.6 
-0.851953  0.646586  1.6 
-0.85391  0.657831  1.6 
-0.855682  0.669076  1.6 
-0.85726  0.680321  1.6 
-0.858637  0.691566  1.6 
-0.859806  0.702811  1.6 
-0.860758  0.714056  1.6 
-0.861489  0.725301  1.6 

# Contour 12, label: 
-0.494949 -1.18834  1.6 
-0.510864 -1.18635  1.6 
-0.523232 -1.18474  1.6 
-0.551515 -1.17903  1.6 
-0.56585 -1.1751  1.6 
-0.579798 -1.17116  1.6 
-0.600204 -1.16386  1.6 
-0.608081 -1.16096  1.6 
-0.626664 -1.15261  1.6 
-0.636364 -1.14815  1.6 
-0.648764 -1.14137  1.6 
-0.664646 -1.1325  1.6 
-0.668299 -1.13012  1.6 
-0.685068 -1.11888  1.6 
-0.692929 -1.11348  1.6 
-0.70033 -1.10763  1.6 
-0.714196 -1.09639  1.6 
-0.721212 -1.09054  1.6 
-0.726894 -1.08514  1.6 
-0.738365 -1.0739  1.6 
-0.749495 -1.06275  1.6 
-0.749587 -1.06265  1.6 
-0.759067 -1.05141  1.6 
-0.768302 -1.04016  1.6 
-0.777279 -1.02892  1.6 
-0.777778 -1.02826  1.6 
-0.784916 -1.01767  1.6 
-0.792233 -1.00643  1.6 
-0.799286 -0.995181  1.6 
-0.806061 -0.983944  1.6 
-0.81175 -0.972691  1.6 
-0.817176 -0.961446  1.6 
-0.822338 -0.950201  1.6 
-0.827229 -0.938956  1.6 
-0.831846 -0.927711  1.6 
-0.834343 -0.921184  1.6 
-0.83596 -0.916466  1.6 
-0.839521 -0.905221  1.6 
-0.842826 -0.893976  1.6 
-0.845875 -0.882731  1.6 
-0.848664 -0.871486  1.6 
-0.851193 -0.860241  1.6 
-0.853461 -0.848996  1.6 
-0.855468 -0.837751  1.6 
-0.857213 -0.826506  1.6 
-0.858699 -0.815261  1.6 
-0.859925 -0.804016  1.6 
-0.860894 -0.792771  1.6 
-0.861609 -0.781526  1.6 
-0.862072 -0.770281  1.6 
-0.862288 -0.759036  1.6 
-0.862259 -0.747791  1.6 
-0.861991 -0.736546  1.6 
-0.861489 -0.725301  1.6 
-0.860758 -0.714056  1.6 
-0.859806 -0.702811  1.6 
-0.858637 -0.691566  1.6 
-0.85726 -0.680321  1.6 
-0.855682 -0.669076  1.6 
-0.85391 -0.657831  1.6 
-0.851953 -0.646586  1.6 
-0.84982 -0.635341  1.6 
-0.847518 -0.624096  1.6 
-0.845058 -0.612851  1.6 
-0.842449 -0.601606  1.6 
-0.8397 -0.590361  1.6 
-0.83682 -0.579116  1.6 
-0.834343 -0.56982  1.6 
-0.83375 -0.567871  1.6 
-0.830222 -0.556627  1.6 
-0.826583 -0.545382  1.6 
-0.822845 -0.534137  1.6 
-0.819019 -0.522892  1.6 
-0.815117 -0.511647  1.6 
-0.81115 -0.500402  1.6 
-0.807129 -0.489157  1.6 
-0.806061 -0.486191  1.6 
-0.80266 -0.477912  1.6 
-0.798017 -0.466667  1.6 
-0.793355 -0.455422  1.6 
-0.788686 -0.444177  1.6 
-0.784021 -0.432932  1.6 
-0.779371 -0.421687  1.6 
-0.777778 -0.417805  1.6 
-0.774339 -0.410442  1.6 
-0.769139 -0.399197  1.6 
-0.763999 -0.387952  1.6 
-0.758928 -0.376707  1.6 
-0.753934 -0.365462  1.6 
-0.749495 -0.355286  1.6 
-0.748966 -0.354217  1.6 
-0.743515 -0.342972  1.6 
-0.738191 -0.331727  1.6 
-0.733 -0.320482  1.6 
-0.727949 -0.309237  1.6 
-0.723045 -0.297992  1.6 
-0.721212 -0.293657  1.6 
-0.717908 -0.286747  1.6 
-0.712716 -0.275502  1.6 


# Contour 13, label:      1.2
-0.304965 -1.11888  1.2 
-0.325253 -1.12753  1.2 
-0.332341 -1.13012  1.2 
-0.353535 -1.13738  1.2 
-0.367938 -1.14137  1.2 
-0.381818 -1.14496  1.2 
-0.410101 -1.15032  1.2 
-0.429916 -1.15261  1.2 
-0.438384 -1.15352  1.2 
-0.466667 -1.15447  1.2 
-0.494949 -1.15327  1.2 

# Contour 14, label: 
 0.52435 -0.365462  1.2 
 0.523232 -0.36531  1.2 
 0.494949 -0.362027  1.2 
 0.466667 -0.359272  1.2 
 0.438384 -0.357252  1.2 
 0.410101 -0.3562  1.2 
 0.381818 -0.356385  1.2 
 0.353535 -0.358127  1.2 
 0.325253 -0.361824  1.2 
 0.307898 -0.365462  1.2 
 0.29697 -0.367893  1.2 
 0.269143 -0.376707  1.2 
 0.268687 -0.376861  1.2 
 0.243235 -0.387952  1.2 
 0.240404 -0.389284  1.2 
 0.223034 -0.399197  1.2 
 0.212121 -0.406004  1.2 
 0.206019 -0.410442  1.2 
 0.191512 -0.421687  1.2 
 0.183838 -0.428094  1.2 
 0.178692 -0.432932  1.2 
 0.167339 -0.444177  1.2 
 0.156905 -0.455422  1.2 
 0.155556 -0.456921  1.2 
 0.147536 -0.466667  1.2 
 0.138847 -0.477912  1.2 
 0.13072 -0.489157  1.2 
 0.127273 -0.494095  1.2 
 0.123169 -0.500402  1.2 
 0.116097 -0.511647  1.2 
 0.109386 -0.522892  1.2 
 0.102995 -0.534137  1.2 
 0.0989899 -0.541398  1.2 
 0.0969074 -0.545382  1.2 
 0.0910949 -0.556627  1.2 
 0.0854907 -0.567871  1.2 
 0.0800698 -0.579116  1.2 
 0.0748089 -0.590361  1.2 
 0.0707071 -0.599295  1.2 
 0.0696869 -0.601606  1.2 
 0.0646794 -0.612851  1.2 
 0.0597659 -0.624096  1.2 
 0.0549303 -0.635341  1.2 
 0.0501573 -0.646586  1.2 
 0.0454329 -0.657831  1.2 
 0.0424242 -0.664955  1.2 
 0.040731 -0.669076  1.2 
 0.0360256 -0.680321  1.2 
 0.0313256 -0.691566  1.2 
 0.0266201 -0.702811  1.2 
 0.0218981 -0.714056  1.2 
 0.0171496 -0.725301  1.2 
 0.0141414 -0.732288  1.2 
 0.0123401 -0.736546  1.2 
 0.00743893 -0.747791  1.2 
 0.00247729 -0.759036  1.2 
-0.00255384 -0.770281  1.2 
-0.00766317 -0.781526  1.2 
-0.0128592 -0.792771  1.2 
-0.0141414 -0.795439  1.2 
-0.0182301 -0.804016  1.2 
-0.0237364 -0.815261  1.2 
-0.0293614 -0.826506  1.2 
-0.0351133 -0.837751  1.2 
-0.0410002 -0.848996  1.2 
-0.0424242 -0.8516  1.2 
-0.0471485 -0.860241  1.2 
-0.0534937 -0.871486  1.2 
-0.0600086 -0.882731  1.2 
-0.0667016 -0.893976  1.2 
-0.0707071 -0.900458  1.2 
-0.0736714 -0.905221  1.2 
-0.0809737 -0.916466  1.2 
-0.0884941 -0.927711  1.2 
-0.096242 -0.938956  1.2 
-0.0989899 -0.94277  1.2 
-0.104426 -0.950201  1.2 
-0.112978 -0.961446  1.2 
-0.121807 -0.972691  1.2 
-0.127273 -0.979377  1.2 
-0.131088 -0.983936  1.2 
-0.140936 -0.995181  1.2 
-0.151123 -1.00643  1.2 
-0.155556 -1.0111  1.2 
-0.161988 -1.01767  1.2 
-0.173488 -1.02892  1.2 
-0.183838 -1.03866  1.2 
-0.185506 -1.04016  1.2 
-0.198652 -1.05141  1.2 
-0.212121 -1.0625  1.2 
-0.212319 -1.06265  1.2 
-0.227579 -1.0739  1.2 
-0.240404 -1.08295  1.2 
-0.243745 -1.08514  1.2 
-0.261815 -1.09639  1.2 
-0.268687 -1.10045  1.2 
-0.282022 -1.10763  1.2 
-0.29697 -1.11526  1.2 
-0.304965 -1.11888  1.2 

# Contour 15, label: 
 1.08889  0.316675  1.2 
 1.10039  0.309237  1.2 
 1.11717  0.298551  1.2 
 1.11791  0.297992  1.2 
 1.13255  0.286747  1.2 
 1.14545  0.27695  1.2 
 1.14706  0.275502  1.2 
 1.15931  0.264257  1.2 
 1.17158  0.253012  1.2 
 1.17374  0.250997  1.2 
 1.18205  0.241767  1.2 
 1.19204  0.230522  1.2 
 1.2019  0.219277  1.2 
 1.20202  0.219137  1.2 
 1.20995  0.208032  1.2 
 1.21778  0.196787  1.2 
 1.22538  0.185542  1.2 
 1.2303  0.177974  1.2 
 1.23233  0.174297  1.2 
 1.23821  0.163052  1.2 
 1.24381  0.151807  1.2 
 1.24912  0.140562  1.2 
 1.2541  0.129317  1.2 
 1.25859  0.118476  1.2 
 1.25873  0.118072  1.2 
 1.26233  0.106827  1.2 
 1.26561  0.0955823  1.2 
 1.26856  0.0843373  1.2 
 1.27117  0.0730924  1.2 
 1.27342  0.0618474  1.2 
 1.27531  0.0506024  1.2 
 1.27683  0.0393574  1.2 
 1.27798  0.0281124  1.2 
 1.27875  0.0168675  1.2 
 1.27913  0.00562249  1.2 
 1.27913 -0.00562249  1.2 
 1.27875 -0.0168675  1.2 
 1.27798 -0.0281124  1.2 
 1.27683 -0.0393574  1.2 
 1.27531 -0.0506024  1.2 
 1.27342 -0.0618474  1.2 
 1.27117 -0.0730924  1.2 
 1.26856 -0.0843373  1.2 
 1.26561 -0.0955823  1.2 
 1.26233 -0.106827  1.2 
 1.25873 -0.118072  1.2 
 1.25859 -0.118476  1.2 
 1.2541 -0.129317  1.2 
 1.24912 -0.140562  1.2 
 1.24381 -0.151807  1.2 
 1.23821 -0.163052  1.2 
 1.23233 -0.174297  1.2 
 1.2303 -0.177974  1.2 
 1.22538 -0.185542  1.2 
 1.21778 -0.196787  1.2 
 1.20995 -0.208032  1.2 
 1.20202 -0.219137  1.2 
 1.2019 -0.219277  1.2 
 1.19204 -0.230522  1.2 
 1.18205 -0.241767  1.2 
 1.17374 -0.250997  1.2 
 1.17158 -0.253012  1.2 
 1.15931 -0.264257  1.2 
 1.14706 -0.275502  1.2 
 1.14545 -0.27695  1.2 
 1.13255 -0.286747  1.2 
 1.11791 -0.297992  1.2 
 1.11717 -0.298551  1.2 
 1.10039 -0.309237  1.2 
 1.08889 -0.316675  1.2 
 1.08181 -0.320482  1.2 
 1.06123 -0.331727  1.2 
 1.06061 -0.332068  1.2 
 1.03669 -0.342972  1.2 
 1.03232 -0.345  1.2 
 1.0083 -0.354217  1.2 
 1.00404 -0.355883  1.2 
 0.975758 -0.364936  1.2 
 0.973695 -0.365462  1.2 
 0.947475 -0.372282  1.2 
 0.92621 -0.376707  1.2 
 0.919192 -0.378198  1.2 
 0.890909 -0.382702  1.2 
 0.862626 -0.38601  1.2 
 0.837311 -0.387952  1.2 
 0.834343 -0.388184  1.2 
 0.806061 -0.389279  1.2 
 0.777778 -0.389445  1.2 
 0.749495 -0.388772  1.2 
 0.732667 -0.387952  1.2 
 0.721212 -0.387338  1.2 
 0.692929 -0.385218  1.2 
 0.664646 -0.382557  1.2 
 0.636364 -0.379478  1.2 
 0.612819 -0.376707  1.2 
 0.608081 -0.376092  1.2 
 0.579798 -0.372451  1.2 
 0.551515 -0.368805  1.2 
 0.52435 -0.365462  1.2 

# Contour 16, label: 
-0.0667016  0.893976  1.2 
-0.0600086  0.882731  1.2 
-0.0534937  0.871486  1.2 
-0.0471485  0.860241  1.2 
-0.0424242  0.8516  1.2 
-0.0410002  0.848996  1.2 
-0.0351133  0.837751  1.2 
-0.0293614  0.826506  1.2 
-0.0237364  0.815261  1.2 
-0.0182301  0.804016  1.2 
-0.0141414  0.795439  1.2 
-0.0128592  0.792771  1.2 
-0.00766317  0.781526  1.2 
-0.00255384  0.770281  1.2 
 0.00247729  0.759036  1.2 
 0.00743893  0.747791  1.2 
 0.0123401  0.736546  1.2 
 0.0141414  0.732288  1.2 
 0.0171496  0.725301  1.2 
 0.0218981  0.714056  1.2 
 0.0266201  0.702811  1.2 
 0.0313256  0.691566  1.2 
 0.0360256  0.680321  1.2 
 0.040731  0.669076  1.2 
 0.0424242  0.664955  1.2 
 0.0454329  0.657831  1.2 
 0.0501573  0.646586  1.2 
 0.0549303  0.635341  1.2 
 0.0597659  0.624096  1.2 
 0.0646794  0.612851  1.2 
 0.0696869  0.601606  1.2 
 0.0707071  0.599295  1.2 
 0.0748089  0.590361  1.2 
 0.0800698  0.579116  1.2 
 0.0854907  0.567871  1.2 
 0.0910949  0.556627  1.2 
 0.0969074  0.545382  1.2 
 0.0989899  0.541398  1.2 
 0.102995  0.534137  1.2 
 0.109386  0.522892  1.2 
 0.116097  0.511647  1.2 
 0.123169  0.500402  1.2 
 0.127273  0.494095  1.2 
 0.13072  0.489157  1.2 
 0.138847  0.477912  1.2 
 0.147536  0.466667  1.2 
 0.155556  0.456921  1.2 
 0.156905  0.455422  1.2 
 0.167339  0.444177  1.2 
 0.178692  0.432932  1.2 
 0.183838  0.428094  1.2 
 0.191512  0.421687  1.2 
 0.206019  0.410442  1.2 
 0.212121  0.406004  1.2 
 0.223034  0.399197  1.2 
 0.240404  0.389284  1.2 
 0.243235  0.387952  1.2 
 0.268687  0.376861  1.2 
 0.269143  0.376707  1.2 
 0.29697  0.367893  1.2 
 0.307898  0.365462  1.2 
 0.325253  0.361824  1.2 
 0.353535  0.358127  1.2 
 0.381818  0.356385  1.2 
 0.410101  0.3562  1.2 
 0.438384  0.357252  1.2 
 0.466667  0.359272  1.2 
 0.494949  0.362027  1.2 
 0.523232  0.36531  1.2 
 0.52435  0.365462  1.2 
 0.551515  0.368805  1.2 
 0.579798  0.372451  1.2 
 0.608081  0.376092  1.2 
 0.612819  0.376707  1.2 
 0.636364  0.379478  1.2 
 0.664646  0.382557  1.2 
 0.692929  0.385218  1.2 
 0.721212  0.387338  1.2 
 0.732667  0.387952  1.2 
 0.749495  0.388772  1.2 
 0.777778  0.389445  1.2 
 0.806061  0.389279  1.2 
 0.834343  0.388184  1.2 
 0.837311  0.387952  1.2 
 0.862626  0.38601  1.2 
 0.890909  0.382702  1.2 
 0.919192  0.378198  1.2 
 0.92621  0.376707  1.2 
 0.947475  0.372282  1.2 
 0.973695  0.365462  1.2 
 0.975758  0.364936  1.2 
 1.00404  0.355883  1.2 
 1.0083  0.354217  1.2 
 1.03232  0.345  1.2 
 1.03669  0.342972  1.2 
 1.06061  0.332068  1.2 
 1.06123  0.331727  1.2 
 1.08181  0.320482  1.2 
 1.08889  0.316675  1.2 

# Contour 17, label: 
-0.796035  0.635341  1.2 
-0.799389  0.646586  1.2 
-0.802534  0.657831  1.2 
-0.805458  0.669076  1.2 
-0.806061  0.671578  1.2 
-0.80788  0.680321  1.2 
-0.81001  0.691566  1.2 
-0.811915  0.702811  1.2 
-0.813586  0.714056  1.2 
-0.815016  0.725301  1.2 
-0.816195  0.736546  1.2 
-0.817118  0.747791  1.2 
-0.817778  0.759036  1.2 
-0.818168  0.770281  1.2 
-0.818283  0.781526  1.2 
-0.818119  0.792771  1.2 
-0.817671  0.804016  1.2 
-0.816937  0.815261  1.2 
-0.815913  0.826506  1.2 
-0.814598  0.837751  1.2 
-0.81299  0.848996  1.2 
-0.811088  0.860241  1.2 
-0.808893  0.871486  1.2 
-0.806405  0.882731  1.2 
-0.806061  0.884105  1.2 
-0.803268  0.893976  1.2 
-0.799751  0.905221  1.2 
-0.795907  0.916466  1.2 
-0.791741  0.927711  1.2 
-0.787257  0.938956  1.2 
-0.782462  0.950201  1.2 
-0.777778  0.96051  1.2 
-0.777296  0.961446  1.2 
-0.771067  0.972691  1.2 
-0.764509  0.983936  1.2 
-0.757631  0.995181  1.2 
-0.750444  1.00643  1.2 
-0.749495  1.00782  1.2 
-0.741896  1.01767  1.2 
-0.732874  1.02892  1.2 
-0.723546  1.04016  1.2 
-0.721212  1.04284  1.2 
-0.712663  1.05141  1.2 
-0.701073  1.06265  1.2 
-0.692929  1.0703  1.2 
-0.688498  1.0739  1.2 
-0.674101  1.08514  1.2 
-0.664646  1.09233  1.2 
-0.658377  1.09639  1.2 
-0.640457  1.10763  1.2 
-0.636364  1.11012  1.2 
-0.619082  1.11888  1.2 
-0.608081  1.12431  1.2 
-0.593534  1.13012  1.2 
-0.579798  1.13545  1.2 
-0.560124  1.14137  1.2 
-0.551515  1.14387  1.2 
-0.523232  1.14973  1.2 
-0.500428  1.15261  1.2 
-0.494949  1.15327  1.2 
-0.466667  1.15447  1.2 
-0.438384  1.15352  1.2 
-0.429916  1.15261  1.2 
-0.410101  1.15032  1.2 
-0.381818  1.14496  1.2 
-0.367938  1.14137  1.2 
-0.353535  1.13738  1.2 
-0.332341  1.13012  1.2 
-0.325253  1.12753  1.2 
-0.304965  1.11888  1.2 
-0.29697  1.11526  1.2 
-0.282022  1.10763  1.2 
-0.268687  1.10045  1.2 
-0.261815  1.09639  1.2 
-0.243745  1.08514  1.2 
-0.240404  1.08295  1.2 
-0.227579  1.0739  1.2 
-0.212319  1.06265  1.2 
-0.212121  1.0625  1.2 
-0.198652  1.05141  1.2 
-0.185506  1.04016  1.2 
-0.183838  1.03866  1.2 
-0.173488  1.02892  1.2 
-0.161988  1.01767  1.2 
-0.155556  1.0111  1.2 
-0.151123  1.00643  1.2 
-0.140936  0.995181  1.2 
-0.131088  0.983936  1.2 
-0.127273  0.979377  1.2 
-0.121807  0.972691  1.2 
-0.112978  0.961446  1.2 
-0.104426  0.950201  1.2 
-0.0989899  0.94277  1.2 
-0.096242  0.938956  1.2 
-0.0884941  0.927711  1.2 
-0.0809737  0.916466  1.2 
-0.0736714  0.905221  1.2 
-0.0707071  0.900458  1.2 
-0.0667016  0.893976  1.2 

# Contour 18, label: 
-0.581636 -0.275502  1.2 
-0.579798 -0.272851  1.2 
-0.572954 -0.264257  1.2 
-0.56448 -0.253012  1.2 
-0.556491 -0.241767  1.2 
-0.551515 -0.234349  1.2 
-0.548569 -0.230522  1.2 
-0.540413 -0.219277  1.2 
-0.532799 -0.208032  1.2 
-0.525703 -0.196787  1.2 
-0.523232 -0.192599  1.2 
-0.518464 -0.185542  1.2 
-0.511418 -0.174297  1.2 
-0.504929 -0.163052  1.2 
-0.498974 -0.151807  1.2 
-0.494949 -0.143514  1.2 
-0.49331 -0.140562  1.2 
-0.487603 -0.129317  1.2 
-0.482458 -0.118072  1.2 
-0.477851 -0.106827  1.2 
-0.47376 -0.0955823  1.2 
-0.470167 -0.0843373  1.2 
-0.467057 -0.0730924  1.2 
-0.466667 -0.0714373  1.2 
-0.464076 -0.0618474  1.2 
-0.461567 -0.0506024  1.2 
-0.459575 -0.0393574  1.2 
-0.45809 -0.0281124  1.2 
-0.457104 -0.0168675  1.2 
-0.456613 -0.00562249  1.2 
-0.456613  0.00562249  1.2 
-0.457104  0.0168675  1.2 
-0.45809  0.0281124  1.2 
-0.459575  0.0393574  1.2 
-0.461567  0.0506024  1.2 
-0.464076  0.0618474  1.2 
-0.466667  0.0714373  1.2 
-0.467057  0.0730924  1.2 
-0.470167  0.0843373  1.2 
-0.47376  0.0955823  1.2 
-0.477851  0.106827  1.2 
-0.482458  0.118072  1.2 
-0.487603  0.129317  1.2 
-0.49331  0.140562  1.2 
-0.494949  0.143514  1.2 
-0.498974  0.151807  1.2 
-0.504929  0.163052  1.2 
-0.511418  0.174297  1.2 
-0.518464  0.185542  1.2 
-0.523232  0.192599  1.2 
-0.525703  0.196787  1.2 
-0.532799  0.208032  1.2 
-0.540413  0.219277  1.2 
-0.548569  0.230522  1.2 
-0.551515  0.234349  1.2 
-0.556491  0.241767  1.2 
-0.56448  0.253012  1.2 
-0.572954  0.264257  1.2 
-0.579798  0.272851  1.2 
-0.581636  0.275502  1.2 
-0.589796  0.286747  1.2 
-0.598373  0.297992  1.2 
-0.607376  0.309237  1.2 
-0.608081  0.310083  1.2 
-0.615596  0.320482  1.2 
-0.62406  0.331727  1.2 
-0.632866  0.342972  1.2 
-0.636364  0.347289  1.2 
-0.641233  0.354217  1.2 
-0.649382  0.365462  1.2 
-0.657785  0.376707  1.2 
-0.664646  0.385634  1.2 
-0.666192  0.387952  1.2 
-0.67385  0.399197  1.2 
-0.681677  0.410442  1.2 
-0.689663  0.421687  1.2 
-0.692929  0.426209  1.2 
-0.697132  0.432932  1.2 
-0.704252  0.444177  1.2 
-0.71145  0.455422  1.2 
-0.718709  0.466667  1.2 
-0.721212  0.470518  1.2 
-0.725368  0.477912  1.2 
-0.731702  0.489157  1.2 
-0.738028  0.500402  1.2 
-0.744331  0.511647  1.2 
-0.749495  0.520913  1.2 
-0.750449  0.522892  1.2 
-0.755826  0.534137  1.2 
-0.761125  0.545382  1.2 
-0.766333  0.556627  1.2 
-0.771432  0.567871  1.2 
-0.776406  0.579116  1.2 
-0.777778  0.582293  1.2 
-0.780787  0.590361  1.2 
-0.784847  0.601606  1.2 
-0.788751  0.612851  1.2 
-0.792484  0.624096  1.2 
-0.796035  0.635341  1.2 

# Contour 19, label: 
-0.494949 -1.15327  1.2 
-0.500428 -1.15261  1.2 
-0.523232 -1.14973  1.2 
-0.551515 -1.14387  1.2 
-0.560124 -1.14137  1.2 
-0.579798 -1.13545  1.2 
-0.593534 -1.13012  1.2 
-0.608081 -1.12431  1.2 
-0.619082 -1.11888  1.2 
-0.636364 -1.11012  1.2 
-0.640457 -1.10763  1.2 
-0.658377 -1.09639  1.2 
-0.664646 -1.09233  1.2 
-0.674101 -1.08514  1.2 
-0.688498 -1.0739  1.2 
-0.692929 -1.0703  1.2 
-0.701073 -1.06265  1.2 
-0.712663 -1.05141  1.2 
-0.721212 -1.04284  1.2 
-0.723546 -1.04016  1.2 
-0.732874 -1.02892  1.2 
-0.741896 -1.01767  1.2 
-0.749495 -1.00782  1.2 
-0.750444 -1.00643  1.2 
-0.757631 -0.995181  1.2 
-0.764509 -0.983936  1.2 
-0.771067 -0.972691  1.2 
-0.777296 -0.961446  1.2 
-0.777778 -0.96051  1.2 
-0.782462 -0.950201  1.2 
-0.787257 -0.938956  1.2 
-0.791741 -0.927711  1.2 
-0.795907 -0.916466  1.2 
-0.799751 -0.905221  1.2 
-0.803268 -0.893976  1.2 
-0.806061 -0.884105  1.2 
-0.806405 -0.882731  1.2 
-0.808893 -0.871486  1.2 
-0.811088 -0.860241  1.2 
-0.81299 -0.848996  1.2 
-0.814598 -0.837751  1.2 
-0.815913 -0.826506  1.2 
-0.816937 -0.815261  1.2 
-0.817671 -0.804016  1.2 
-0.818119 -0.792771  1.2 
-0.818283 -0.781526  1.2 
-0.818168 -0.770281  1.2 
-0.817778 -0.759036  1.2 
-0.817118 -0.747791  1.2 
-0.816195 -0.736546  1.2 
-0.815016 -0.725301  1.2 
-0.813586 -0.714056  1.2 
-0.811915 -0.702811  1.2 
-0.81001 -0.691566  1.2 
-0.80788 -0.680321  1.2 
-0.806061 -0.671578  1.2 
-0.805458 -0.669076  1.2 
-0.802534 -0.657831  1.2 
-0.799389 -0.646586  1.2 
-0.796035 -0.635341  1.2 
-0.792484 -0.624096  1.2 
-0.788751 -0.612851  1.2 
-0.784847 -0.601606  1.2 
-0.780787 -0.590361  1.2 
-0.777778 -0.582293  1.2 
-0.776406 -0.579116  1.2 
-0.771432 -0.567871  1.2 
-0.766333 -0.556627  1.2 
-0.761125 -0.545382  1.2 
-0.755826 -0.534137  1.2 
-0.750449 -0.522892  1.2 
-0.749495 -0.520913  1.2 
-0.744331 -0.511647  1.2 
-0.738028 -0.500402  1.2 
-0.731702 -0.489157  1.2 
-0.725368 -0.477912  1.2 
-0.721212 -0.470518  1.2 
-0.718709 -0.466667  1.2 
-0.71145 -0.455422  1.2 
-0.704252 -0.444177  1.2 
-0.697132 -0.432932  1.2 
-0.692929 -0.426209  1.2 
-0.689663 -0.421687  1.2 
-0.681677 -0.410442  1.2 
-0.67385 -0.399197  1.2 
-0.666192 -0.387952  1.2 
-0.664646 -0.385634  1.2 
-0.657785 -0.376707  1.2 
-0.649382 -0.365462  1.2 
-0.641233 -0.354217  1.2 
-0.636364 -0.347289  1.2 
-0.632866 -0.342972  1.2 
-0.62406 -0.331727  1.2 
-0.615596 -0.320482  1.2 
-0.608081 -0.310083  1.2 
-0.607376 -0.309237  1.2 
-0.598373 -0.297992  1.2 
-0.589796 -0.286747  1.2 
-0.581636 -0.275502  1.2 


# Contour 20, label:      0.8
-0.310149  1.06265  0.8 
-0.29697  1.05446  0.8 
-0.29255  1.05141  0.8 
-0.277261  1.04016  0.8 
-0.268687  1.03347  0.8 
-0.263305  1.02892  0.8 
-0.250793  1.01767  0.8 
-0.240404  1.00782  0.8 
-0.239027  1.00643  0.8 
-0.228592  0.995181  0.8 
-0.218678  0.983936  0.8 
-0.212121  0.976059  0.8 
-0.209446  0.972691  0.8 
-0.201072  0.961446  0.8 
-0.193126  0.950201  0.8 
-0.185594  0.938956  0.8 
-0.183838  0.936144  0.8 
-0.178746  0.927711  0.8 
-0.172352  0.916466  0.8 
-0.166312  0.905221  0.8 
-0.160615  0.893976  0.8 
-0.155556  0.883352  0.8 
-0.155266  0.882731  0.8 
-0.15045  0.871486  0.8 
-0.145936  0.860241  0.8 
-0.141718  0.848996  0.8 
-0.13779  0.837751  0.8 
-0.134147  0.826506  0.8 
-0.130784  0.815261  0.8 
-0.127698  0.804016  0.8 
-0.127273  0.80228  0.8 
-0.124968  0.792771  0.8 
-0.122512  0.781526  0.8 
-0.120311  0.770281  0.8 
-0.118364  0.759036  0.8 
-0.11667  0.747791  0.8 
-0.115227  0.736546  0.8 
-0.114036  0.725301  0.8 
-0.113097  0.714056  0.8 
-0.11241  0.702811  0.8 
-0.111978  0.691566  0.8 
-0.111802  0.680321  0.8 
-0.111887  0.669076  0.8 
-0.112237  0.657831  0.8 
-0.112856  0.646586  0.8 
-0.113751  0.635341  0.8 
-0.114929  0.624096  0.8 
-0.116399  0.612851  0.8 
-0.118171  0.601606  0.8 
-0.120257  0.590361  0.8 
-0.122671  0.579116  0.8 
-0.125428  0.567871  0.8 
-0.127273  0.561111  0.8 
-0.128597  0.556627  0.8 
-0.132238  0.545382  0.8 
-0.136308  0.534137  0.8 
-0.140836  0.522892  0.8 
-0.145856  0.511647  0.8 
-0.151408  0.500402  0.8 
-0.155556  0.492677  0.8 
-0.157654  0.489157  0.8 
-0.164825  0.477912  0.8 
-0.172763  0.466667  0.8 
-0.181552  0.455422  0.8 
-0.183838  0.452667  0.8 
-0.191945  0.444177  0.8 
-0.203784  0.432932  0.8 
-0.212121  0.425703  0.8 
-0.217695  0.421687  0.8 
-0.23472  0.410442  0.8 
-0.240404  0.406985  0.8 
-0.257066  0.399197  0.8 
-0.268687  0.394232  0.8 
-0.290365  0.387952  0.8 
-0.29697  0.386176  0.8 
-0.325253  0.381963  0.8 
-0.353535  0.38109  0.8 
-0.381818  0.383159  0.8 
-0.410101  0.387936  0.8 

# Contour 21, label: 
-0.410101  0.387936  0.8 
-0.410159  0.387952  0.8 
-0.438384  0.395154  0.8 
-0.44978  0.399197  0.8 
-0.466667  0.404788  0.8 
-0.479572  0.410442  0.8 
-0.494949  0.416775  0.8 
-0.504267  0.421687  0.8 
-0.523232  0.431153  0.8 
-0.526084  0.432932  0.8 
-0.544848  0.444177  0.8 
-0.551515  0.448006  0.8 
-0.561968  0.455422  0.8 
-0.578424  0.466667  0.8 
-0.579798  0.467581  0.8 
-0.592502  0.477912  0.8 
-0.60673  0.489157  0.8 
-0.608081  0.490205  0.8 
-0.618927  0.500402  0.8 
-0.631091  0.511647  0.8 
-0.636364  0.516464  0.8 
-0.642221  0.522892  0.8 
-0.652522  0.534137  0.8 
-0.662861  0.545382  0.8 
-0.664646  0.547324  0.8 
-0.6718  0.556627  0.8 
-0.68039  0.567871  0.8 
-0.688893  0.579116  0.8 
-0.692929  0.584522  0.8 
-0.696598  0.590361  0.8 
-0.70353  0.601606  0.8 
-0.710292  0.612851  0.8 
-0.71686  0.624096  0.8 
-0.721212  0.63179  0.8 
-0.722909  0.635341  0.8 
-0.728088  0.646586  0.8 
-0.733029  0.657831  0.8 
-0.737712  0.669076  0.8 
-0.742118  0.680321  0.8 
-0.74623  0.691566  0.8 
-0.749495  0.70122  0.8 
-0.749951  0.702811  0.8 
-0.752916  0.714056  0.8 
-0.755582  0.725301  0.8 
-0.757938  0.736546  0.8 
-0.759971  0.747791  0.8 
-0.761672  0.759036  0.8 
-0.76303  0.770281  0.8 
-0.764038  0.781526  0.8 
-0.764687  0.792771  0.8 
-0.764972  0.804016  0.8 
-0.764886  0.815261  0.8 
-0.764425  0.826506  0.8 
-0.763587  0.837751  0.8 
-0.762368  0.848996  0.8 
-0.760768  0.860241  0.8 
-0.758786  0.871486  0.8 
-0.756424  0.882731  0.8 
-0.753682  0.893976  0.8 
-0.750565  0.905221  0.8 
-0.749495  0.908626  0.8 
-0.746666  0.916466  0.8 
-0.742159  0.927711  0.8 
-0.737234  0.938956  0.8 
-0.7319  0.950201  0.8 
-0.726167  0.961446  0.8 
-0.721212  0.97051  0.8 
-0.719832  0.972691  0.8 
-0.712156  0.983936  0.8 
-0.704062  0.995181  0.8 
-0.695566  1.00643  0.8 
-0.692929  1.00971  0.8 
-0.685452  1.01767  0.8 
-0.674403  1.02892  0.8 
-0.664646  1.03847  0.8 
-0.662594  1.04016  0.8 
-0.648223  1.05141  0.8 
-0.636364  1.06041  0.8 
-0.632771  1.06265  0.8 
-0.613987  1.0739  0.8 
-0.608081  1.07731  0.8 
-0.591054  1.08514  0.8 
-0.579798  1.09014  0.8 
-0.561231  1.09639  0.8 
-0.551515  1.09953  0.8 
-0.523232  1.1058  0.8 
-0.508246  1.10763  0.8 
-0.494949  1.10918  0.8 
-0.466667  1.10978  0.8 
-0.438384  1.10777  0.8 
-0.437515  1.10763  0.8 
-0.410101  1.10292  0.8 
-0.385075  1.09639  0.8 
-0.381818  1.09547  0.8 
-0.353687  1.08514  0.8 
-0.353535  1.08508  0.8 
-0.330011  1.0739  0.8 
-0.325253  1.07147  0.8 
-0.310149  1.06265  0.8 

# Contour 22, label: 
 1.14879  0.208032  0.8 
 1.15912  0.196787  0.8 
 1.16926  0.185542  0.8 
 1.17374  0.180394  0.8 
 1.17811  0.174297  0.8 
 1.18583  0.163052  0.8 
 1.19324  0.151807  0.8 
 1.2003  0.140562  0.8 
 1.20202  0.137648  0.8 
 1.20608  0.129317  0.8 
 1.21118  0.118072  0.8 
 1.2159  0.106827  0.8 
 1.22022  0.0955823  0.8 
 1.22412  0.0843373  0.8 
 1.22758  0.0730924  0.8 
 1.2303  0.0628548  0.8 
 1.23053  0.0618474  0.8 
 1.2326  0.0506024  0.8 
 1.23428  0.0393574  0.8 
 1.23554  0.0281124  0.8 
 1.23638  0.0168675  0.8 
 1.23681  0.00562249  0.8 
 1.23681 -0.00562249  0.8 
 1.23638 -0.0168675  0.8 
 1.23554 -0.0281124  0.8 
 1.23428 -0.0393574  0.8 
 1.2326 -0.0506024  0.8 
 1.23053 -0.0618474  0.8 
 1.2303 -0.0628548  0.8 
 1.22758 -0.0730924  0.8 
 1.22412 -0.0843373  0.8 
 1.22022 -0.0955823  0.8 
 1.2159 -0.106827  0.8 
 1.21118 -0.118072  0.8 
 1.20608 -0.129317  0.8 
 1.20202 -0.137648  0.8 
 1.2003 -0.140562  0.8 
 1.19324 -0.151807  0.8 
 1.18583 -0.163052  0.8 
 1.17811 -0.174297  0.8 
 1.17374 -0.180394  0.8 
 1.16926 -0.185542  0.8 
 1.15912 -0.196787  0.8 
 1.14879 -0.208032  0.8 
 1.14545 -0.211557  0.8 
 1.13653 -0.219277  0.8 
 1.12339 -0.230522  0.8 
 1.11717 -0.235772  0.8 
 1.10842 -0.241767  0.8 
 1.09199 -0.253012  0.8 
 1.08889 -0.255114  0.8 
 1.07211 -0.264257  0.8 
 1.06061 -0.270589  0.8 
 1.04929 -0.275502  0.8 
 1.03232 -0.282947  0.8 
 1.02109 -0.286747  0.8 
 1.00404 -0.292588  0.8 
 0.982956 -0.297992  0.8 
 0.975758 -0.299863  0.8 
 0.947475 -0.304911  0.8 
 0.919192 -0.307995  0.8 
 0.890909 -0.309167  0.8 
 0.862626 -0.308485  0.8 
 0.834343 -0.306018  0.8 
 0.806061 -0.301841  0.8 

# Contour 23, label: 
 0.806061 -0.301841  0.8 
 0.786932 -0.297992  0.8 
 0.777778 -0.295956  0.8 
 0.749495 -0.288304  0.8 
 0.744444 -0.286747  0.8 
 0.721212 -0.278815  0.8 
 0.712353 -0.275502  0.8 
 0.692929 -0.267444  0.8 
 0.685641 -0.264257  0.8 
 0.664646 -0.254051  0.8 
 0.662562 -0.253012  0.8 
 0.642051 -0.241767  0.8 
 0.636364 -0.238301  0.8 
 0.623573 -0.230522  0.8 
 0.608081 -0.219974  0.8 
 0.607038 -0.219277  0.8 
 0.591642 -0.208032  0.8 
 0.579798 -0.198312  0.8 
 0.57787 -0.196787  0.8 
 0.564907 -0.185542  0.8 
 0.553381 -0.174297  0.8 
 0.551515 -0.172291  0.8 
 0.542453 -0.163052  0.8 
 0.532607 -0.151807  0.8 
 0.523864 -0.140562  0.8 
 0.523232 -0.139662  0.8 
 0.515476 -0.129317  0.8 
 0.508024 -0.118072  0.8 
 0.501477 -0.106827  0.8 
 0.495761 -0.0955823  0.8 
 0.494949 -0.0937557  0.8 
 0.490411 -0.0843373  0.8 
 0.485775 -0.0730924  0.8 
 0.481884 -0.0618474  0.8 
 0.478699 -0.0506024  0.8 
 0.476187 -0.0393574  0.8 
 0.474323 -0.0281124  0.8 
 0.473091 -0.0168675  0.8 
 0.472477 -0.00562249  0.8 
 0.472477  0.00562249  0.8 
 0.473091  0.0168675  0.8 
 0.474323  0.0281124  0.8 
 0.476187  0.0393574  0.8 
 0.478699  0.0506024  0.8 
 0.481884  0.0618474  0.8 
 0.485775  0.0730924  0.8 
 0.490411  0.0843373  0.8 
 0.494949  0.0937557  0.8 
 0.495761  0.0955823  0.8 
 0.501477  0.106827  0.8 
 0.508024  0.118072  0.8 
 0.515476  0.129317  0.8 
 0.523232  0.139662  0.8 
 0.523864  0.140562  0.8 
 0.532607  0.151807  0.8 
 0.542453  0.163052  0.8 
 0.551515  0.172291  0.8 
 0.553381  0.174297  0.8 
 0.564907  0.185542  0.8 
 0.57787  0.196787  0.8 
 0.579798  0.198312  0.8 
 0.591642  0.208032  0.8 
 0.607038  0.219277  0.8 
 0.608081  0.219974  0.8 
 0.623573  0.230522  0.8 
 0.636364  0.238301  0.8 
 0.642051  0.241767  0.8 
 0.662562  0.253012  0.8 
 0.664646  0.254051  0.8 
 0.685641  0.264257  0.8 
 0.692929  0.267444  0.8 
 0.712353  0.275502  0.8 
 0.721212  0.278815  0.8 
 0.744444  0.286747  0.8 
 0.749495  0.288304  0.8 
 0.777778  0.295956  0.8 
 0.786932  0.297992  0.8 
 0.806061  0.301841  0.8 
 0.834343  0.306018  0.8 
 0.862626  0.308485  0.8 
 0.890909  0.309167  0.8 
 0.919192  0.307995  0.8 
 0.947475  0.304911  0.8 
 0.975758  0.299863  0.8 
 0.982956  0.297992  0.8 
 1.00404  0.292588  0.8 
 1.02109  0.286747  0.8 
 1.03232  0.282947  0.8 
 1.04929  0.275502  0.8 
 1.06061  0.270589  0.8 
 1.07211  0.264257  0.8 
 1.08889  0.255114  0.8 
 1.09199  0.253012  0.8 
 1.10842  0.241767  0.8 
 1.11717  0.235772  0.8 
 1.12339  0.230522  0.8 
 1.13653  0.219277  0.8 
 1.14545  0.211557  0.8 
 1.14879  0.208032  0.8 

# Contour 24, label: 
-0.212121 -0.425703  0.8 
-0.203784 -0.432932  0.8 
-0.191945 -0.444177  0.8 
-0.183838 -0.452667  0.8 
-0.181552 -0.455422  0.8 
-0.172763 -0.466667  0.8 
-0.164825 -0.477912  0.8 
-0.157654 -0.489157  0.8 
-0.155556 -0.492677  0.8 
-0.151408 -0.500402  0.8 
-0.145856 -0.511647  0.8 
-0.140836 -0.522892  0.8 
-0.136308 -0.534137  0.8 
-0.132238 -0.545382  0.8 
-0.128597 -0.556627  0.8 
-0.127273 -0.561111  0.8 
-0.125428 -0.567871  0.8 
-0.122671 -0.579116  0.8 
-0.120257 -0.590361  0.8 
-0.118171 -0.601606  0.8 
-0.116399 -0.612851  0.8 
-0.114929 -0.624096  0.8 
-0.113751 -0.635341  0.8 
-0.112856 -0.646586  0.8 
-0.112237 -0.657831  0.8 
-0.111887 -0.669076  0.8 
-0.111802 -0.680321  0.8 
-0.111978 -0.691566  0.8 
-0.11241 -0.702811  0.8 
-0.113097 -0.714056  0.8 
-0.114036 -0.725301  0.8 
-0.115227 -0.736546  0.8 
-0.11667 -0.747791  0.8 
-0.118364 -0.759036  0.8 
-0.120311 -0.770281  0.8 
-0.122512 -0.781526  0.8 
-0.124968 -0.792771  0.8 
-0.127273 -0.80228  0.8 
-0.127698 -0.804016  0.8 
-0.130784 -0.815261  0.8 
-0.134147 -0.826506  0.8 
-0.13779 -0.837751  0.8 
-0.141718 -0.848996  0.8 
-0.145936 -0.860241  0.8 
-0.15045 -0.871486  0.8 
-0.155266 -0.882731  0.8 
-0.155556 -0.883352  0.8 
-0.160615 -0.893976  0.8 
-0.166312 -0.905221  0.8 
-0.172352 -0.916466  0.8 
-0.178746 -0.927711  0.8 
-0.183838 -0.936144  0.8 
-0.185594 -0.938956  0.8 
-0.193126 -0.950201  0.8 
-0.201072 -0.961446  0.8 
-0.209446 -0.972691  0.8 
-0.212121 -0.976059  0.8 
-0.218678 -0.983936  0.8 
-0.228592 -0.995181  0.8 
-0.239027 -1.00643  0.8 
-0.240404 -1.00782  0.8 
-0.250793 -1.01767  0.8 
-0.263305 -1.02892  0.8 
-0.268687 -1.03347  0.8 
-0.277261 -1.04016  0.8 
-0.29255 -1.05141  0.8 
-0.29697 -1.05446  0.8 
-0.310149 -1.06265  0.8 
-0.325253 -1.07147  0.8 
-0.330011 -1.0739  0.8 
-0.353535 -1.08508  0.8 
-0.353687 -1.08514  0.8 
-0.381818 -1.09547  0.8 
-0.385075 -1.09639  0.8 
-0.410101 -1.10292  0.8 
-0.437515 -1.10763  0.8 
-0.438384 -1.10777  0.8 
-0.466667 -1.10978  0.8 
-0.494949 -1.10918  0.8 

# Contour 25, label: 
-0.494949 -1.10918  0.8 
-0.508246 -1.10763  0.8 
-0.523232 -1.1058  0.8 
-0.551515 -1.09953  0.8 
-0.561231 -1.09639  0.8 
-0.579798 -1.09014  0.8 
-0.591054 -1.08514  0.8 
-0.608081 -1.07731  0.8 
-0.613987 -1.0739  0.8 
-0.632771 -1.06265  0.8 
-0.636364 -1.06041  0.8 
-0.648223 -1.05141  0.8 
-0.662594 -1.04016  0.8 
-0.664646 -1.03847  0.8 
-0.674403 -1.02892  0.8 
-0.685452 -1.01767  0.8 
-0.692929 -1.00971  0.8 
-0.695566 -1.00643  0.8 
-0.704062 -0.995181  0.8 
-0.712156 -0.983936  0.8 
-0.719832 -0.972691  0.8 
-0.721212 -0.97051  0.8 
-0.726167 -0.961446  0.8 
-0.7319 -0.950201  0.8 
-0.737234 -0.938956  0.8 
-0.742159 -0.927711  0.8 
-0.746666 -0.916466  0.8 
-0.749495 -0.908626  0.8 
-0.750565 -0.905221  0.8 
-0.753682 -0.893976  0.8 
-0.756424 -0.882731  0.8 
-0.758786 -0.871486  0.8 
-0.760768 -0.860241  0.8 
-0.762368 -0.848996  0.8 
-0.763587 -0.837751  0.8 
-0.764425 -0.826506  0.8 
-0.764886 -0.815261  0.8 
-0.764972 -0.804016  0.8 
-0.764687 -0.792771  0.8 
-0.764038 -0.781526  0.8 
-0.76303 -0.770281  0.8 
-0.761672 -0.759036  0.8 
-0.759971 -0.747791  0.8 
-0.757938 -0.736546  0.8 
-0.755582 -0.725301  0.8 
-0.752916 -0.714056  0.8 
-0.749951 -0.702811  0.8 
-0.749495 -0.70122  0.8 
-0.74623 -0.691566  0.8 
-0.742118 -0.680321  0.8 
-0.737712 -0.669076  0.8 
-0.733029 -0.657831  0.8 
-0.728088 -0.646586  0.8 
-0.722909 -0.635341  0.8 
-0.721212 -0.63179  0.8 
-0.71686 -0.624096  0.8 
-0.710292 -0.612851  0.8 
-0.70353 -0.601606  0.8 
-0.696598 -0.590361  0.8 
-0.692929 -0.584522  0.8 
-0.688893 -0.579116  0.8 
-0.68039 -0.567871  0.8 
-0.6718 -0.556627  0.8 
-0.664646 -0.547324  0.8 
-0.662861 -0.545382  0.8 
-0.652522 -0.534137  0.8 
-0.642221 -0.522892  0.8 
-0.636364 -0.516464  0.8 
-0.631091 -0.511647  0.8 
-0.618927 -0.500402  0.8 
-0.608081 -0.490205  0.8 
-0.60673 -0.489157  0.8 
-0.592502 -0.477912  0.8 
-0.579798 -0.467581  0.8 
-0.578424 -0.466667  0.8 
-0.561968 -0.455422  0.8 
-0.551515 -0.448006  0.8 
-0.544848 -0.444177  0.8 
-0.526084 -0.432932  0.8 
-0.523232 -0.431153  0.8 
-0.504267 -0.421687  0.8 
-0.494949 -0.416775  0.8 
-0.479572 -0.410442  0.8 
-0.466667 -0.404788  0.8 
-0.44978 -0.399197  0.8 
-0.438384 -0.395154  0.8 
-0.410159 -0.387952  0.8 
-0.410101 -0.387936  0.8 
-0.381818 -0.383159  0.8 
-0.353535 -0.38109  0.8 
-0.325253 -0.381963  0.8 
-0.29697 -0.386176  0.8 
-0.290365 -0.387952  0.8 
-0.268687 -0.394232  0.8 
-0.257066 -0.399197  0.8 
-0.240404 -0.406985  0.8 
-0.23472 -0.410442  0.8 
-0.217695 -0.421687  0.8 
-0.212121 -0.425703  0.8 


# Contour 26, label:      0.4
-0.29697  0.676183  0.4 
-0.302508  0.669076  0.4 
-0.312176  0.657831  0.4 
-0.322951  0.646586  0.4 
-0.325253  0.644352  0.4 
-0.3365  0.635341  0.4 
-0.352071  0.624096  0.4 
-0.353535  0.623108  0.4 
-0.37329  0.612851  0.4 
-0.381818  0.608788  0.4 
-0.403919  0.601606  0.4 
-0.410101  0.599737  0.4 
-0.438384  0.595135  0.4 
-0.466667  0.594521  0.4 
-0.494949  0.597707  0.4 

# Contour 27, label: 
-0.494949  0.597707  0.4 
-0.510538  0.601606  0.4 
-0.523232  0.604704  0.4 
-0.544046  0.612851  0.4 
-0.551515  0.615732  0.4 
-0.566676  0.624096  0.4 
-0.579798  0.631307  0.4 
-0.585267  0.635341  0.4 
-0.600351  0.646586  0.4 
-0.608081  0.652431  0.4 
-0.613594  0.657831  0.4 
-0.624775  0.669076  0.4 
-0.635599  0.680321  0.4 
-0.636364  0.681145  0.4 
-0.644  0.691566  0.4 
-0.651827  0.702811  0.4 
-0.659196  0.714056  0.4 
-0.664646  0.722961  0.4 
-0.6658  0.725301  0.4 
-0.670932  0.736546  0.4 
-0.675588  0.747791  0.4 
-0.679745  0.759036  0.4 
-0.68338  0.770281  0.4 
-0.686471  0.781526  0.4 
-0.689  0.792771  0.4 
-0.690952  0.804016  0.4 
-0.692312  0.815261  0.4 
-0.692929  0.82439  0.4 
-0.693046  0.826506  0.4 
-0.693167  0.837751  0.4 
-0.692929  0.844596  0.4 
-0.692747  0.848996  0.4 
-0.691657  0.860241  0.4 
-0.689946  0.871486  0.4 
-0.687616  0.882731  0.4 
-0.684671  0.893976  0.4 
-0.681118  0.905221  0.4 
-0.676966  0.916466  0.4 
-0.672225  0.927711  0.4 
-0.666908  0.938956  0.4 
-0.664646  0.943224  0.4 
-0.660181  0.950201  0.4 
-0.652265  0.961446  0.4 
-0.643719  0.972691  0.4 
-0.636364  0.981688  0.4 
-0.634085  0.983936  0.4 
-0.621761  0.995181  0.4 
-0.6088  1.00643  0.4 
-0.608081  1.00701  0.4 
-0.59111  1.01767  0.4 
-0.579798  1.02445  0.4 
-0.569571  1.02892  0.4 
-0.551515  1.03639  0.4 
-0.537387  1.04016  0.4 
-0.523232  1.04373  0.4 
-0.494949  1.04696  0.4 
-0.466667  1.04636  0.4 
-0.438384  1.042  0.4 
-0.431778  1.04016  0.4 
-0.410101  1.03352  0.4 
-0.399357  1.02892  0.4 
-0.381818  1.02069  0.4 
-0.376681  1.01767  0.4 
-0.359097  1.00643  0.4 
-0.353535  1.00254  0.4 
-0.344532  0.995181  0.4 
-0.331872  0.983936  0.4 
-0.325253  0.977521  0.4 
-0.320818  0.972691  0.4 
-0.311381  0.961446  0.4 
-0.302716  0.950201  0.4 
-0.29697  0.942005  0.4 
-0.29501  0.938956  0.4 
-0.288513  0.927711  0.4 
-0.282639  0.916466  0.4 
-0.277372  0.905221  0.4 
-0.272701  0.893976  0.4 
-0.268687  0.882927  0.4 
-0.26862  0.882731  0.4 
-0.265388  0.871486  0.4 
-0.262676  0.860241  0.4 
-0.26048  0.848996  0.4 
-0.258797  0.837751  0.4 
-0.257626  0.826506  0.4 
-0.256969  0.815261  0.4 
-0.256826  0.804016  0.4 
-0.257202  0.792771  0.4 
-0.258104  0.781526  0.4 
-0.259538  0.770281  0.4 
-0.261517  0.759036  0.4 
-0.264051  0.747791  0.4 
-0.267157  0.736546  0.4 
-0.268687  0.73181  0.4 
-0.271045  0.725301  0.4 
-0.275739  0.714056  0.4 
-0.281135  0.702811  0.4 
-0.28727  0.691566  0.4 
-0.294185  0.680321  0.4 
-0.29697  0.676183  0.4 

# Contour 28, label: 
 1.11065 -0.151807  0.4 
 1.09759 -0.163052  0.4 
 1.08889 -0.170336  0.4 
 1.08258 -0.174297  0.4 
 1.06432 -0.185542  0.4 
 1.06061 -0.187786  0.4 
 1.03999 -0.196787  0.4 
 1.03232 -0.200121  0.4 
 1.00528 -0.208032  0.4 
 1.00404 -0.208395  0.4 
 0.975758 -0.212921  0.4 
 0.947475 -0.214163  0.4 
 0.919192 -0.212157  0.4 

# Contour 29, label: 
 0.919192 -0.212157  0.4 
 0.896519 -0.208032  0.4 
 0.890909 -0.206888  0.4 
 0.862626 -0.198052  0.4 
 0.859511 -0.196787  0.4 
 0.834855 -0.185542  0.4 
 0.834343 -0.18528  0.4 
 0.815971 -0.174297  0.4 
 0.806061 -0.16759  0.4 
 0.800004 -0.163052  0.4 
 0.786564 -0.151807  0.4 
 0.777778 -0.143505  0.4 
 0.774844 -0.140562  0.4 
 0.76478 -0.129317  0.4 
 0.755917 -0.118072  0.4 
 0.749495 -0.108806  0.4 
 0.74816 -0.106827  0.4 
 0.741454 -0.0955823  0.4 
 0.735648 -0.0843373  0.4 
 0.730684 -0.0730924  0.4 
 0.726513 -0.0618474  0.4 
 0.723094 -0.0506024  0.4 
 0.721212 -0.0427737  0.4 
 0.72039 -0.0393574  0.4 
 0.718371 -0.0281124  0.4 
 0.717036 -0.0168675  0.4 
 0.716371 -0.00562249  0.4 
 0.716371  0.00562249  0.4 
 0.717036  0.0168675  0.4 
 0.718371  0.0281124  0.4 
 0.72039  0.0393574  0.4 
 0.721212  0.0427737  0.4 
 0.723094  0.0506024  0.4 
 0.726513  0.0618474  0.4 
 0.730684  0.0730924  0.4 
 0.735648  0.0843373  0.4 
 0.741454  0.0955823  0.4 
 0.74816  0.106827  0.4 
 0.749495  0.108806  0.4 
 0.755917  0.118072  0.4 
 0.76478  0.129317  0.4 
 0.774844  0.140562  0.4 
 0.777778  0.143505  0.4 
 0.786564  0.151807  0.4 
 0.800004  0.163052  0.4 
 0.806061  0.16759  0.4 
 0.815971  0.174297  0.4 
 0.834343  0.18528  0.4 
 0.834855  0.185542  0.4 
 0.859511  0.196787  0.4 
 0.862626  0.198052  0.4 
 0.890909  0.206888  0.4 
 0.896519  0.208032  0.4 
 0.919192  0.212157  0.4 
 0.947475  0.214163  0.4 
 0.975758  0.212921  0.4 
 1.00404  0.208395  0.4 
 1.00528  0.208032  0.4 
 1.03232  0.200121  0.4 
 1.03999  0.196787  0.4 
 1.06061  0.187786  0.4 
 1.06432  0.185542  0.4 
 1.08258  0.174297  0.4 
 1.08889  0.170336  0.4 
 1.09759  0.163052  0.4 
 1.11065  0.151807  0.4 
 1.11717  0.145982  0.4 
 1.12185  0.140562  0.4 
 1.13104  0.129317  0.4 
 1.13976  0.118072  0.4 
 1.14545  0.110196  0.4 
 1.14737  0.106827  0.4 
 1.15321  0.0955823  0.4 
 1.15851  0.0843373  0.4 
 1.16323  0.0730924  0.4 
 1.16735  0.0618474  0.4 
 1.17083  0.0506024  0.4 
 1.17364  0.0393574  0.4 
 1.17374  0.0388455  0.4 
 1.17534  0.0281124  0.4 
 1.17647  0.0168675  0.4 
 1.17703  0.00562249  0.4 
 1.17703 -0.00562249  0.4 
 1.17647 -0.0168675  0.4 
 1.17534 -0.0281124  0.4 
 1.17374 -0.0388455  0.4 
 1.17364 -0.0393574  0.4 
 1.17083 -0.0506024  0.4 
 1.16735 -0.0618474  0.4 
 1.16323 -0.0730924  0.4 
 1.15851 -0.0843373  0.4 
 1.15321 -0.0955823  0.4 
 1.14737 -0.106827  0.4 
 1.14545 -0.110196  0.4 
 1.13976 -0.118072  0.4 
 1.13104 -0.129317  0.4 
 1.12185 -0.140562  0.4 
 1.11717 -0.145982  0.4 
 1.11065 -0.151807  0.4 

# Contour 30, label: 
-0.320818 -0.972691  0.4 
-0.325253 -0.977521  0.4 
-0.331872 -0.983936  0.4 
-0.344532 -0.995181  0.4 
-0.353535 -1.00254  0.4 
-0.359097 -1.00643  0.4 
-0.376681 -1.01767  0.4 
-0.381818 -1.02069  0.4 
-0.399357 -1.02892  0.4 
-0.410101 -1.03352  0.4 
-0.431778 -1.04016  0.4 
-0.438384 -1.042  0.4 
-0.466667 -1.04636  0.4 
-0.494949 -1.04696  0.4 
-0.523232 -1.04373  0.4 

# Contour 31, label: 
-0.523232 -1.04373  0.4 
-0.537387 -1.04016  0.4 
-0.551515 -1.03639  0.4 
-0.569571 -1.02892  0.4 
-0.579798 -1.02445  0.4 
-0.59111 -1.01767  0.4 
-0.608081 -1.00701  0.4 
-0.6088 -1.00643  0.4 
-0.621761 -0.995181  0.4 
-0.634085 -0.983936  0.4 
-0.636364 -0.981688  0.4 
-0.643719 -0.972691  0.4 
-0.652265 -0.961446  0.4 
-0.660181 -0.950201  0.4 
-0.664646 -0.943224  0.4 
-0.666908 -0.938956  0.4 
-0.672225 -0.927711  0.4 
-0.676966 -0.916466  0.4 
-0.681118 -0.905221  0.4 
-0.684671 -0.893976  0.4 
-0.687616 -0.882731  0.4 
-0.689946 -0.871486  0.4 
-0.691657 -0.860241  0.4 
-0.692747 -0.848996  0.4 
-0.692929 -0.844596  0.4 
-0.693167 -0.837751  0.4 
-0.693046 -0.826506  0.4 
-0.692929 -0.82439  0.4 
-0.692312 -0.815261  0.4 
-0.690952 -0.804016  0.4 
-0.689 -0.792771  0.4 
-0.686471 -0.781526  0.4 
-0.68338 -0.770281  0.4 
-0.679745 -0.759036  0.4 
-0.675588 -0.747791  0.4 
-0.670932 -0.736546  0.4 
-0.6658 -0.725301  0.4 
-0.664646 -0.722961  0.4 
-0.659196 -0.714056  0.4 
-0.651827 -0.702811  0.4 
-0.644 -0.691566  0.4 
-0.636364 -0.681145  0.4 
-0.635599 -0.680321  0.4 
-0.624775 -0.669076  0.4 
-0.613594 -0.657831  0.4 
-0.608081 -0.652431  0.4 
-0.600351 -0.646586  0.4 
-0.585267 -0.635341  0.4 
-0.579798 -0.631307  0.4 
-0.566676 -0.624096  0.4 
-0.551515 -0.615732  0.4 
-0.544046 -0.612851  0.4 
-0.523232 -0.604704  0.4 
-0.510538 -0.601606  0.4 
-0.494949 -0.597707  0.4 
-0.466667 -0.594521  0.4 
-0.438384 -0.595135  0.4 
-0.410101 -0.599737  0.4 
-0.403919 -0.601606  0.4 
-0.381818 -0.608788  0.4 
-0.37329 -0.612851  0.4 
-0.353535 -0.623108  0.4 
-0.352071 -0.624096  0.4 
-0.3365 -0.635341  0.4 
-0.325253 -0.644352  0.4 
-0.322951 -0.646586  0.4 
-0.312176 -0.657831  0.4 
-0.302508 -0.669076  0.4 
-0.29697 -0.676183  0.4 
-0.294185 -0.680321  0.4 
-0.28727 -0.691566  0.4 
-0.281135 -0.702811  0.4 
-0.275739 -0.714056  0.4 
-0.271045 -0.725301  0.4 
-0.268687 -0.73181  0.4 
-0.267157 -0.736546  0.4 
-0.264051 -0.747791  0.4 
-0.261517 -0.759036  0.4 
-0.259538 -0.770281  0.4 
-0.258104 -0.781526  0.4 
-0.257202 -0.792771  0.4 
-0.256826 -0.804016  0.4 
-0.256969 -0.815261  0.4 
-0.257626 -0.826506  0.4 
-0.258797 -0.837751  0.4 
-0.26048 -0.848996  0.4 
-0.262676 -0.860241  0.4 
-0.265388 -0.871486  0.4 
-0.26862 -0.882731  0.4 
-0.268687 -0.882927  0.4 
-0.272701 -0.893976  0.4 
-0.277372 -0.905221  0.4 
-0.282639 -0.916466  0.4 
-0.288513 -0.927711  0.4 
-0.29501 -0.938956  0.4 
-0.29697 -0.942005  0.4 
-0.302716 -0.950201  0.4 
-0.311381 -0.961446  0.4 
-0.320818 -0.972691  0.4 

